0.03256654165
0.03097552633
0.03065554367
0.03053723601
0.03047979189
0.03044717473
0.03042666813
0.030412818
0.03040295354
0.03039563452
0.03039002504
0.03038561107
0.03038206128
0.03037915372
0.03037673474
0.03037469502
0.03037295487
0.03037145499
0.03037015043
0.03036900656
0.03036799632
0.03036629525
0.03036557335
0.03036432941
0.03036329702
0.03036242756
0.03036168605
0.03036104671
0.03036049016
0.03035977907
0.03035937161
0.03035883993
0.0303583855
0.03035799284
0.03035754567
0.03035725647
0.03035692023
0.03035662993
0.03035631859
0.03035610286
0.03035586687
0.03035562368
0.03035541535
0.03035523497
0.03035507731
0.03035491682
0.0303547585
0.03035462177
0.03035450257
0.03035437356
0.03035427293
0.03035416607
0.03035407368
0.03035398632
0.03035390455
0.03035383373
0.03035376313
0.03035370231
0.03035364305
0.03035358949
0.03035354139
0.03035349844
0.03035345874
0.03035342424
0.03035339348
0.03035336773
0.03035334595
0.03035332842
0.03035331502
0.03035330672
0.03035330315
0.03035330473
0.03035331182
0.0303533249
0.03035334444
0.03035337088
0.0303534054
0.030353448
0.03035350099
0.03035356352
0.0303536395
0.03035372807
0.03035383154
0.03035395276
0.03035409356
0.03035425585
0.03035444353
0.03035466114
0.03035490974
0.03035519453
0.03035552153
0.03035589768
0.03035632814
0.03035681837
0.03035738066
0.03035802597
0.03035875931
0.03035960106
0.03036055847
0.03036165644
0.03036290979
0.03036433949
0.03036597443
0.03036784173
0.03036997151
0.03037239711
0.03037517694
0.03037834833
0.0303819593
0.03038608892
0.03039080033
0.03039618276
0.03040232658
0.03040933234
0.03041732389
0.0304264534
0.03043686547
0.03044874934
0.03046231825
0.03047779485
0.03049544422
0.03051558186
0.03053856233
0.03056476085
0.03059464031
0.03062871991
0.03066758012
0.03071186796
0.03076233273
0.03081987398
0.03088539611
0.03096004188
0.03104500936
0.03114174609
0.03125181792
0.03137695269
0.03151919995
0.03168082425
0.03186425782
0.03207245402
0.03230840394
0.03257567995
0.03287809967
0.03322000928
0.03360601704
0.03404129901
0.03453146669
0.03508265718
0.03570144568
0.03639492829
0.03717082417
0.03803703239
0.03900247899
0.04007597914
0.0412673524
0.04258670493
0.04404435892
0.04565148355
0.0474195543
0.04936045344
0.05148659786
0.05381109177
0.0563475845
0.05910994913
0.06211340432
0.06537342464
0.06890656282
0.0727301501
0.07686265715
0.08132390093
0.08613437805
0.09131650378
0.09689376823
0.1028914609
