629.1898435
441.3948526
359.4374503
310.8656711
277.8232121
253.4807397
234.5876791
219.3736735
206.7813298
196.1350119
186.9801479
178.9981591
171.9582585
165.6886093
160.0582788
154.9655149
150.3298837
146.086851
142.1839568
138.5780577
135.2333026
129.2115746
126.4874841
121.5192605
117.0939927
113.1194851
109.5240688
106.251076
103.2550307
99.20119251
96.74970344
93.39105827
90.35959308
87.60542107
84.2967914
82.0475118
79.31077677
76.83086472
74.03526317
72.00600854
69.68960815
67.18455006
64.931633
62.89121483
61.03186397
59.05800763
57.02097619
55.18124087
53.50888306
51.61780324
50.0769312
48.36878747
46.82439963
45.29761368
43.8012805
42.44416728
41.02491471
39.7392424
38.41890629
37.15515467
35.94793108
34.79637519
33.6493559
32.56388257
31.49563435
30.48927639
29.5067055
28.55282277
27.60362002
26.71855799
25.84612861
25.01337605
24.20105037
23.41312651
22.65231202
21.92029052
21.20556219
20.52305801
19.85189292
19.21523498
18.58641547
17.98572666
17.40594234
16.84209195
16.29652158
15.77077157
15.26116156
14.76523424
14.28894871
13.8293207
13.38426266
12.9523686
12.53525467
12.13395113
11.74490932
11.36764013
11.00521824
10.65348419
10.31521208
9.987185813
9.670675036
9.365483051
9.07052836
8.785927112
8.511747813
8.248011365
7.992871028
7.747346265
7.51160604
7.284399819
7.066134396
6.856361827
6.655134458
6.462501616
6.278244653
6.102009563
5.934019894
5.774074164
5.622081826
5.478174885
5.342344255
5.214512
5.09468121
4.982994278
4.879433922
4.784046607
4.696917964
4.618152789
4.5478214
4.485950754
4.432691002
4.388074289
4.352193323
4.325087004
4.306812375
4.297405928
4.296877225
4.305230584
4.322444649
4.348502876
4.383343412
4.426920469
4.479159632
4.540000157
4.609347255
4.687124886
4.773251809
4.867657148
4.970265626
5.081013393
5.199864601
5.326746081
5.461676092
5.604601254
5.755556106
5.914563935
6.081636053
6.256846357
6.440265795
6.631975299
6.832077139
7.040704483
7.258002624
7.484099691
7.719194733
7.963460957
8.217106085
8.480342321
8.753405576
9.036560363
9.330050846
9.634172274
9.949211163
10.27548172
