18010.74714
11206.06845
8701.157161
7338.464762
6459.341556
5834.942874
5363.225769
4991.218943
4688.43501
4435.962033
4221.381092
4036.163499
3874.236527
3731.145342
3603.539231
3488.843764
3385.044392
3290.53935
3204.037138
3124.483439
3051.008011
2919.505425
2860.350699
2753.011044
2658.011369
2573.192791
2496.888846
2427.790101
2364.851622
2280.188235
2229.277946
2159.898347
2097.66138
2041.449731
1974.363826
1929.047994
1874.247374
1824.925736
1769.733461
1729.958221
1684.868708
1636.507531
1593.393806
1554.678103
1519.689871
1482.870574
1445.244956
1411.609957
1381.338712
1347.479259
1320.199327
1290.303101
1263.60426
1237.537968
1212.327113
1189.765721
1166.498073
1145.724558
1124.70836
1104.910013
1086.302065
1068.843581
1051.750427
1035.859766
1020.504514
1006.30712
992.7069406
979.7611076
967.1402726
955.6161376
944.4951957
934.1087198
924.199402
914.8042555
905.9408608
897.6119097
889.6732824
882.2758273
875.1803146
868.6176705
862.3001862
856.4212544
850.8945036
845.6615337
840.7340206
836.1143004
831.7592601
827.6393587
823.7943405
820.1893969
816.7993023
813.6057716
810.6132101
807.8207296
805.19633
802.7308461
800.4378522
798.2850371
796.2840085
794.4107156
792.6682007
791.0510816
789.5499812
788.1624248
786.8859219
785.7180282
784.6490052
783.6822596
782.8175767
782.0503916
781.3829981
780.8155951
780.350789
779.9918653
779.7425418
779.6078901
779.5948962
779.7116685
779.9682821
780.3762501
780.9491468
781.7033541
782.6578817
783.8334257
785.2552892
786.9522294
788.9566053
791.3045406
794.0377561
797.2062131
800.8599721
805.0618697
809.8771405
815.3840205
821.6659479
828.8135288
836.9330897
846.1398735
856.5545414
868.3222958
881.5843928
896.5076977
913.2644253
932.0465782
953.0498355
976.4890391
1002.589607
1031.591261
1063.742507
1099.304483
1138.555802
1181.770332
1229.26023
1281.320196
1338.283679
1400.488941
1468.277997
1542.027778
1622.126213
1708.978623
1803.014767
1904.696364
2014.511314
2132.96049
2260.606111
2398.024688
2545.84186
2704.719142
2875.368396
3058.559505
3255.092286
3465.846614
3691.747106
3933.79198
