0.01403317517
0.008573204334
0.006599458948
0.00553883572
0.004860657708
0.00438224828
0.004022773288
0.003740539496
0.00351168079
0.003321461559
0.003160244524
0.00302143479
0.002900351309
0.002793569775
0.00269852107
0.002613235773
0.002536175953
0.002466121118
0.002402088893
0.002343278604
0.002289030347
0.002192110419
0.00214858647
0.002069732947
0.002000083169
0.001938013764
0.001882273821
0.001831881994
0.001786056308
0.001724529654
0.001687600277
0.001637361085
0.001592384841
0.001551841319
0.001503558471
0.001471011914
0.001431731293
0.001396455525
0.001357074088
0.001328758133
0.001296729057
0.001262464176
0.001231999546
0.001204713291
0.001180115319
0.00115429674
0.001127987955
0.0011045381
0.001083492298
0.001060022143
0.001041170011
0.001020572355
0.00100223621
0.0009843911435
0.0009671882158
0.0009518431266
0.000936070086
0.0009220354505
0.000907885394
0.0008946027047
0.0008821632105
0.000870533877
0.0008591895756
0.0008486827832
0.0008385686003
0.0008292532305
0.0008203647069
0.0008119381105
0.000803757901
0.0007963211871
0.000789176974
0.0007825360489
0.0007762314804
0.0007702853549
0.0007647069956
0.0007594960598
0.0007545610179
0.0007499940733
0.0007456464262
0.0007416582839
0.0007378538316
0.0007343490749
0.0007310908843
0.0007280443002
0.0007252158454
0.0007226061094
0.0007201901681
0.0007179518311
0.0007159123128
0.0007140521599
0.0007123580579
0.0007108211216
0.0007094435727
0.0007082243083
0.0007071490675
0.0007062147537
0.0007054261831
0.000704772056
0.0007042559298
0.0007038716026
0.0007036203423
0.0007035012407
0.0007035139343
0.0007036591662
0.0007039375843
0.0007043497715
0.0007049007926
0.0007055914933
0.0007064233974
0.0007074041499
0.0007085363599
0.0007098270444
0.00071128141
0.0007129047587
0.0007147051873
0.0007166939962
0.0007188773744
0.0007212673194
0.0007238762811
0.0007267140333
0.0007297935472
0.0007331312021
0.0007367437757
0.0007406451913
0.0007448560056
0.0007493971822
0.0007542900499
0.0007595562754
0.0007652211736
0.000771317151
0.0007778670437
0.0007849075145
0.0007924689845
0.000800592548
0.0008093164577
0.0008186794763
0.0008287312803
0.0008395222152
0.0008510997656
0.0008635295712
0.0008768639645
0.0008911735822
0.0009065263106
0.0009230014826
0.000940675664
0.0009596369544
0.0009799778852
0.001001799047
0.001025205487
0.001050310341
0.001077238541
0.001106112114
0.001137079647
0.001170279387
0.001205876231
0.001244039525
0.001284942945
0.00132878323
0.001375765213
0.001426105528
0.00148003638
0.001537809358
0.001599691657
0.001665958403
0.001736919409
0.001812892428
0.001894222304
0.001981273317
0.002074436903
0.002174135566
0.00228080743
0.002394933353
0.002517017609
0.002647603434
