549.2217131
413.7801835
344.3104585
300.5618285
269.4579167
246.7678092
228.8579445
214.9742467
203.7615132
194.3438792
185.696479
178.1913458
171.8876877
166.2202207
161.0696894
156.4089029
152.2404927
148.3562005
144.6625041
141.2244801
138.0065132
132.1828354
129.417303
124.1595418
119.7800679
116.1215357
112.8019417
109.7186215
106.8087984
102.9170002
100.7827874
97.87737911
95.11322366
92.62427251
89.55636163
87.10743009
84.00405915
81.13849912
76.50939711
72.845899
68.6777602
64.08725031
60.2859138
57.33193005
54.7996134
52.10620437
49.11706601
46.52460483
44.81992706
45.21431559
45.34427853
45.38080868
45.14915398
44.64058829
43.73640493
43.54474418
43.34195211
42.9605742
42.32686509
42.37831747
42.49590416
42.29406319
42.03354733
42.12811719
42.04633943
41.26456822
40.09353088
38.87412879
37.56335803
36.05880615
33.29469657
30.71542242
28.19921503
25.04980478
22.14758446
19.66414183
17.82408944
16.4474217
15.90959568
15.16848953
14.8646346
14.2064746
14.41713348
14.97213038
15.80499051
15.88055656
15.02406702
13.34506731
11.82555994
11.07017959
10.7327217
10.60277823
11.13099797
11.53046987
10.58879828
9.532388197
9.222714552
9.231590501
9.694127125
8.946271099
8.379912844
8.316852931
8.670857881
7.894602923
7.656289514
7.899621452
7.2063165
7.140405755
6.954812522
6.638363362
6.592278913
6.292399472
6.221735658
6.156405235
5.924166337
5.937615115
5.857029513
5.660125017
5.58607797
5.513520389
5.465825458
5.395992385
5.334834414
5.265254846
5.245737489
5.179960812
5.087142377
5.053347256
4.966058184
4.89958474
4.852783848
4.79916056
4.733564637
4.669530422
4.635989924
4.602747807
4.617359125
4.651135719
4.684221953
4.725592683
4.782731546
4.846782225
4.912905495
4.965230082
5.022277072
5.076973432
5.113648612
5.128689884
5.175937088
5.266804356
5.37542399
5.478784307
5.602870844
5.782100778
5.983945267
6.195995181
6.432970741
6.685632703
6.921361983
7.16189574
7.418264646
7.676211585
7.923683172
8.142485112
8.27718733
8.304708027
8.285584544
8.229340526
8.146804226
8.016435384
7.764512063
7.337778323
6.859824376
6.253897712
