0.007688737772
0.007222801461
0.006158933737
0.005443080204
0.00490565093
0.004487578853
0.004153886735
0.003883853271
0.003666783569
0.003484940789
0.003328557641
0.00319382059
0.00307612814
0.002972652477
0.002879606929
0.002792637421
0.002710920545
0.002635195313
0.002565579982
0.00250152369
0.002442570448
0.002336987593
0.002290117877
0.002204769493
0.002126632528
0.002056027611
0.001993274698
0.001936022128
0.00188442441
0.001813334154
0.001770142364
0.00171211464
0.001660645874
0.001612611789
0.00155521929
0.001517193079
0.001470063343
0.00142767387
0.001380378754
0.001345983742
0.001307615331
0.001266115194
0.001229688632
0.001197053943
0.001167717454
0.001136316892
0.00110408115
0.00107559096
0.001050328723
0.001021971268
0.0009993531866
0.0009742775447
0.0009508291362
0.0009272302121
0.0009039189443
0.0008828288092
0.0008614012134
0.0008421245829
0.000822487562
0.0008042928318
0.0007873301964
0.0007718606068
0.0007572922839
0.0007443105162
0.0007322821755
0.0007215216918
0.0007114058854
0.0007025187749
0.0006939904068
0.0006863461505
0.0006789482838
0.0006721595942
0.0006656955769
0.0006600725565
0.0006552515743
0.0006511201091
0.0006473961241
0.0006440865878
0.0006412042476
0.0006390544351
0.0006376837895
0.0006373457748
0.0006380559059
0.0006393545125
0.0006410015336
0.000643120817
0.0006456081455
0.0006486671183
0.0006525215062
0.0006574049455
0.0006631248007
0.0006692090627
0.0006754473538
0.0006823356685
0.0006902680402
0.0006991151835
0.0007087256322
0.0007189897166
0.0007298357523
0.0007412030674
0.0007530222217
0.0007654451693
0.0007782747222
0.0007913844923
0.0008043904135
0.0008170875875
0.0008296308361
0.0008421653125
0.0008547448906
0.0008674017291
0.0008796396194
0.0008915059415
0.000902849302
0.0009136934413
0.0009239026622
0.0009332225423
0.0009406312602
0.0009450027785
0.0009449007023
0.0009397627661
0.00092934743
0.0009133202218
0.0008914947783
0.0008640309001
0.0008330152316
0.0008042228873
0.0007790618774
0.0007580333913
0.0007404956255
0.0007262286321
0.0007147141674
0.000706290655
0.0007016397913
0.0007002202488
0.0007030401114
0.0007126315548
0.000727691683
0.0007464161679
0.000767280829
0.0007903767712
0.0008154777418
0.0008415250134
0.0008669988307
0.0008937342588
0.0009214036434
0.0009497020549
0.0009791668065
0.001011722586
0.001044664226
0.001076504243
0.001106596216
0.001135259795
0.001163118493
0.001189706242
0.001215040508
0.001239793805
0.001265342604
0.00129059126
0.001317212501
0.001347946863
0.001382415646
0.001428392589
0.001490839382
0.001571479564
0.001668050769
0.001781218813
0.001900570572
0.002019980657
0.002139906208
0.002266495351
0.00240408416
0.002553647952
0.002694281037
0.00281174018
