0.004992269624
0.009984539247
0.01497680887
0.01996907849
0.02496134812
0.02995361774
0.03494588736
0.03993815699
0.04493042661
0.04992269624
0.05491496586
0.05990723548
0.06489950511
0.06989177473
0.07488404435
0.07987631398
0.0848685836
0.08986085322
0.09485312285
0.09984539247
0.1048376621
0.1148222013
0.119814471
0.1297990102
0.1397835495
0.1497680887
0.159752628
0.1697371672
0.1797217064
0.1946985153
0.2046830546
0.2196598634
0.2346366723
0.2496134812
0.2695825597
0.2845593685
0.304528447
0.3244975255
0.3494588736
0.3694279521
0.3943893003
0.424342918
0.4542965357
0.4842501535
0.5142037712
0.5491496586
0.5890878156
0.6290259726
0.6689641295
0.7188868258
0.7638172524
0.8187322183
0.8736471841
0.9335544196
0.9984539247
1.06335343
1.138237474
1.213121519
1.297990102
1.387850955
1.482704078
1.582549471
1.692379402
1.807201604
1.932008344
2.061807355
2.201590904
2.351358993
2.51610389
2.685841057
2.870555034
3.065253549
3.274928873
3.499581006
3.739209948
3.993815699
4.268390528
4.557942166
4.872455153
5.201944948
5.561388361
5.940800852
6.345174691
6.779502149
7.243783224
7.738017916
8.267198497
8.836317234
9.440381858
10.08438464
10.77331785
11.51217375
12.30095235
13.13965365
14.03826218
15.00177022
16.02518549
17.12348481
18.2916759
19.54473558
20.88266384
22.31045295
23.83808745
25.47055962
27.21286172
29.06998602
31.0619016
33.18860846
35.45509887
37.8813419
40.47232984
43.24303948
46.20345537
49.36356204
52.7383363
56.34774724
60.20177939
64.32040183
68.72358364
73.42630162
78.44852486
83.81521471
89.55133251
95.67684733
102.2217128
109.2158826
116.6893102
124.6719493
133.1987458
142.3146302
152.0495559
162.4534458
173.566238
185.4428474
198.1331968
211.6872088
226.169783
241.6458189
258.1752236
275.8428658
294.713645
314.877422
336.4190654
359.4384206
384.0303408
410.3046558
438.3761879
468.3697438
500.4151225
534.6521076
571.2354594
610.314946
652.0752814
696.6862028
744.3523931
795.2835278
849.6942745
907.8292542
969.9430729
1036.305313
1107.205526
1182.958225
1263.897893
1350.368995
1442.760929
1541.473076
1646.939764
1759.620282
1880.008864
2008.639683
2146.066881
2292.899515
2449.776596
2617.387056
