507.1734296
326.4266611
263.4337273
227.8338461
202.5484209
183.6703461
168.3338093
156.0852217
146.6358688
138.826956
132.390837
126.7297623
121.9023319
117.5901041
113.8259325
110.3437011
107.0860904
104.0129742
101.168626
98.64697502
96.28154683
92.0731743
90.21422765
86.82986204
83.73863719
80.95594667
78.46106573
76.24448293
74.29390977
71.48263712
69.72324746
67.3265826
65.15620103
63.22133988
61.01570511
59.54249807
57.71047139
56.05755919
53.70502343
51.86614943
49.83402163
47.79223636
46.0858424
44.62575799
43.31612923
41.89309796
40.24717831
38.68167387
37.39713322
36.60324006
35.90613815
35.07174971
34.35102492
33.56820992
32.59864794
31.64824016
30.7712436
29.98069084
29.11207352
28.40939805
27.7145191
27.05945166
26.36487498
25.67545261
24.95796021
24.27250722
23.50950749
22.8115023
22.12967603
21.47185458
20.68767509
19.97190646
19.30525083
18.59780003
17.964838
17.41869189
16.87799947
16.43671078
15.98201372
15.46760422
14.84915526
14.19451182
13.56558924
13.04441985
12.59702358
12.13529016
11.65962575
11.1515382
10.70026356
10.40841799
10.21000106
10.05305896
10.00318061
9.934907879
9.780199613
9.626180166
9.473765912
9.210277966
8.989539265
8.708900487
8.490346826
8.371131624
8.348223583
8.270057214
8.190990061
8.102616143
7.984688471
7.969642051
8.005739007
8.025742396
8.010547298
8.024502784
8.088349428
8.103072764
8.095877992
8.142863948
8.160118414
8.165520075
8.209101365
8.194691351
8.213958771
8.19985766
8.219575507
8.234388178
8.269850263
8.294621677
8.32013681
8.362180343
8.430485117
8.524226509
8.644047533
8.797560162
8.96252394
9.13508457
9.314857023
9.508630398
9.720919372
9.938674882
10.16198237
10.35555392
10.54321198
10.71167062
10.86405882
10.97634858
11.03251321
11.08494618
11.09879865
11.0718143
11.02258789
11.00036082
11.00393367
10.99481779
10.94615199
10.82362995
10.59226337
10.23552187
9.764766127
9.153270171
8.443214333
7.788285804
7.354414313
7.038363025
6.844282501
6.748108209
6.698177735
6.553922562
6.295715649
6.065898928
5.787495634
5.316089613
4.748511381
4.272555996
3.7771532
3.362242735
