14561.8434
10305.66275
8422.111123
7300.384723
6535.605722
5971.596293
5533.654251
5180.964323
4889.093882
4642.405712
4430.365925
4245.58492
4082.705403
3937.736097
3807.634328
3690.03461
3583.066464
3485.228776
3395.301036
3312.279337
3235.329343
3096.952777
3034.429481
2920.534365
2819.250271
2728.431234
2646.409218
2571.865505
2503.741989
2411.755771
2356.244517
2280.348101
2212.015016
2150.086234
2075.903577
2025.61817
1964.609472
1909.506105
1847.613717
1802.851091
1751.937858
1697.117972
1648.049104
1603.816935
1563.697361
1521.319104
1477.833144
1438.795061
1403.519456
1363.892503
1331.826445
1296.532175
1264.868268
1233.813984
1203.637652
1176.506964
1148.394277
1123.173756
1097.534407
1073.259115
1050.328799
1028.707623
1007.431997
987.552517
968.2452814
950.3036754
933.0309158
916.5068898
900.3162474
885.458605
871.0504894
857.5285297
844.5660771
832.2180057
820.5145407
809.4666516
798.8893928
788.9900968
779.4542422
770.5977411
762.0374165
754.0396328
746.4920395
739.3188463
732.539627
726.161224
720.1273824
714.3998664
709.0366381
703.9918225
699.2323194
694.7343027
690.505668
686.5468186
682.8137644
679.2944959
676.0094001
672.9130008
670.0225998
667.3039002
664.7615073
662.3876861
660.1685558
658.10011
656.1781407
654.3983197
652.7447288
651.2211888
649.8258416
648.5492457
647.3924806
646.3525181
645.429749
644.6251226
643.9392637
643.3736107
642.9326925
642.6208738
642.4444269
642.4113675
642.5310369
642.8148841
643.2766881
643.9319555
644.7995019
645.9010879
647.2614841
648.9085641
650.8746241
653.1984356
655.9193126
659.0864454
662.7512589
666.9754282
671.8250035
677.3718777
683.7004646
690.9024841
699.074209
708.3314953
718.7874449
730.575666
743.834352
758.7177034
775.3831903
794.0038274
814.7613766
837.8493025
863.4683704
891.8296807
923.1585143
957.6765623
995.6362513
1037.276174
1082.865978
1132.679203
1186.992389
1246.110013
1310.345326
1380.025458
1455.497072
1537.132406
1625.324654
1720.47736
1823.043286
1933.486644
2052.311085
2180.04908
2317.273562
2464.604119
2622.684417
2792.222526
2973.962529
3168.70774
