501.2038095
354.405665
289.3719477
250.6042831
224.1480289
204.6189013
189.4409244
177.2063514
167.0723098
158.4992412
151.1236037
144.6903203
139.0144299
133.9581064
129.4162606
125.3071766
121.5662262
118.1415334
114.9909114
112.0796535
109.37891
104.5158709
102.3156348
98.30234426
94.72714738
91.51573553
88.61032735
85.96522432
83.54374495
80.26704653
78.28536685
75.57020181
73.11936217
70.89257092
68.21733131
66.39854886
64.18550787
62.18005597
59.91921729
58.27807363
56.40464593
54.37857447
52.55638094
50.90602144
49.40208681
47.8055082
46.15780515
44.66967235
43.31691727
41.78723088
40.54082212
39.15910712
37.90985705
36.67485147
35.46448867
34.36675064
33.21876509
32.17884534
31.11090853
30.08876308
29.11236417
28.18101634
27.25336817
26.37552734
25.51165173
24.69786186
23.90334554
23.13206741
22.36461814
21.64907311
20.94378906
20.27062988
19.614035
18.97721878
18.36237013
17.77084955
17.19336531
16.64198141
16.09982603
15.58561403
15.07780643
14.59279181
14.12473426
13.66962196
13.22934981
12.80516096
12.39408637
11.99414568
11.61014519
11.23967812
10.88106248
10.53316697
10.19729471
9.874275123
9.56125237
9.257835175
8.966496907
8.683894768
8.412258846
8.149007809
7.895162806
7.650567123
7.414355682
7.186623667
6.967427453
6.756784668
6.553222932
6.35755884
6.169928161
5.989337751
5.816113973
5.649904016
5.490752333
5.338700171
5.193576984
5.055106947
4.923468619
4.798506566
4.680153176
4.568513982
4.463583976
4.365305376
4.273683685
4.188830574
4.110735744
4.039438244
3.975006938
3.917524769
3.867049588
3.823610454
3.787324662
3.758228482
3.736400922
3.721888668
3.714751754
3.715036633
3.722780193
3.738018752
3.760769719
3.791072622
3.828924934
3.874355513
3.927372954
3.988010023
4.056275117
4.132204936
4.215840216
4.307240939
4.406472101
4.513619308
4.628805212
4.752126774
4.883781046
5.023907529
5.172744958
5.330536018
5.497527394
5.674045797
5.860434924
6.057070115
6.264372185
6.482820269
6.712935461
6.955252056
7.210414715
7.479078656
7.761978114
8.059897529
8.373697136
8.704323978
9.052759502
9.420108145
9.807532385
10.21630199
