507.1581468
326.426498
263.4336556
227.8349869
202.5512991
183.6715162
168.3332342
156.0824026
146.6311688
138.8212149
132.3843864
126.7229526
121.8951952
117.583576
113.8196203
110.3381992
107.0813825
104.0090843
101.1648619
98.64334385
96.27765954
92.06898125
90.20990701
86.82564099
83.7343445
80.95194903
78.45726769
76.2406552
74.2896836
71.47825958
69.71917534
67.32288113
65.15266442
63.21793244
61.01230095
59.53873143
57.70644408
56.05333023
53.70063149
51.86177107
49.829924
47.78906696
46.08335281
44.62420555
43.31509087
41.8931106
40.2480079
38.68299185
37.39900439
36.60528409
35.90791294
35.07292581
34.35103506
33.56804009
32.59796177
31.64688924
30.76881524
29.97778101
29.1092208
28.40712843
27.71305622
27.05833592
26.36443173
25.67614939
24.95939476
24.27404341
23.51086494
22.81323348
22.13140951
21.47325362
20.68828998
19.97147933
19.30385219
18.59527503
17.96164061
17.41443303
16.87328635
16.4296795
15.97380046
15.46051386
14.84423463
14.19170105
13.5640152
13.04376912
12.5960578
12.13458548
11.65970049
11.15191862
10.69994341
10.40672442
10.20648867
10.04787759
9.997893949
9.932509245
9.778342488
9.624970505
9.472885303
9.209742969
8.989995358
8.70800722
8.488315538
8.368819017
8.347470658
8.269232823
8.190205318
8.10178269
7.983886327
7.969459461
8.006247438
8.027456073
8.013200793
8.027203669
8.090858991
8.10525915
8.097967507
8.144901765
8.162019875
8.167379846
8.210871149
8.196156589
8.215123308
8.200649511
8.219795441
8.233625116
8.269102643
8.293376428
8.318895053
8.361423282
8.429784368
8.524368588
8.644727677
8.798711266
8.964347678
9.136556111
9.316952651
9.510490095
9.723509986
9.943929469
10.1687951
10.3653416
10.5535154
10.72268345
10.87505333
10.9907823
11.04875432
11.10085551
11.11544879
11.08758051
11.03477271
11.00712432
11.00798101
10.99762175
10.94868038
10.82665056
10.59725972
10.24182873
9.775170255
9.167237119
8.459671005
7.801257587
7.363755921
7.044958523
6.84867145
6.751459749
6.700765255
6.556341745
6.297696141
6.064209607
5.786007668
5.314323567
4.750922854
4.276168781
3.781973784
3.36617461
