0.01126127983
0.007964384025
0.006504097296
0.005633760506
0.005039926392
0.004601659051
0.004261102048
0.003986638612
0.003759339285
0.003567086971
0.003401717768
0.00325750373
0.003130291573
0.003016986541
0.002915229043
0.002823184358
0.002739401482
0.002662715759
0.002527015368
0.00246657394
0.002410312471
0.002357771258
0.002262337376
0.00217774621
0.00213890263
0.002067146019
0.002002251056
0.001943192319
0.001889146776
0.001839445168
0.001771859281
0.001711343914
0.001674350395
0.001623191066
0.001576552349
0.001520334596
0.001482004381
0.001435252237
0.00139278492
0.001344803427
0.001309908819
0.001270014766
0.001233688087
0.001194110534
0.001158268125
0.001125612806
0.001090958329
0.001059479119
0.001030722956
0.001000725439
0.0009701090302
0.000942323151
0.0009142795543
0.0008887857277
0.0008632616189
0.0008379921126
0.000813200806
0.000790702406
0.0007686651015
0.0007472143074
0.000725207895
0.0007052892824
0.0006861400739
0.0006677819525
0.0006493867923
0.0006319396538
0.0006147209011
0.0005985022037
0.0005832223517
0.0005678099038
0.0005534111258
0.000539529854
0.0005262085045
0.0005134731798
0.0005010338981
0.0004892560913
0.0004778803531
0.000466961835
0.0004565380709
0.0004466322313
0.000437256023
0.0004282705271
0.0004197171137
0.0004115109547
0.000403904888
0.0003966917148
0.0003898245464
0.000383487533
0.0003775431053
0.0003719652663
0.0003668809391
0.000362160797
0.0003578734966
0.0003540275349
0.0003505788095
0.000347568565
0.000344968887
0.0003427977886
0.0003410570744
0.0003397648209
0.0003389100732
0.0003385079926
0.0003385668509
0.0003390956589
0.000340102876
0.0003416041479
0.0003436064324
0.0003461294044
0.0003491777725
0.0003527844783
0.0003569543998
0.0003617131891
0.000367088771
0.0003730969077
0.0003797665182
0.0003871127732
0.0003951953195
0.0004040152996
0.0004136187823
0.0004240533439
0.0004353676121
0.0004475776178
0.0004607319713
0.0004749139264
0.0004901396534
0.0005065108998
0.0005240438948
0.0005428416499
0.0005629731036
0.0005844897008
0.000607513857
0.0006320975576
0.0006583641255
0.0006864016408
0.0007163162811
0.0007482324716
0.0007822749518
0.0008185867528
0.0008572750374
0.0008985193956
0.0009424816378
0.0009893237657
0.001039226067
0.001092387137
0.001149023898
0.001209353435
0.001273611131
0.001342050671
0.001414944039
0.001492563337
0.001575217127
0.001663250443
0.001756972047
0.001856799911
0.001963079331
0.002076246632
0.002196756407
0.002325063308
0.002461694835
0.002607160342
0.002762042024
0.002926958523
0.003102564923
0.003289516345
0.003488595355
0.003700548147
0.003926211955
0.004166478648
0.004422312935
0.004694697746
0.004984707053
