0.008443498287
0.00820738735
0.007131832394
0.006349196106
0.005736748224
0.005225520585
0.00479788672
0.004447503764
0.004169480172
0.003948933761
0.003764180322
0.003603018155
0.003464705488
0.003348153801
0.003247535227
0.003154627996
0.003064941003
0.002976633341
0.002890969919
0.002811383577
0.002739840848
0.002616870575
0.002563725811
0.002469595945
0.002383727901
0.002301174827
0.002227784079
0.002163169761
0.00210631611
0.002030777619
0.0019826326
0.001916538737
0.001859953335
0.001808974253
0.001745280861
0.00170247004
0.001651622783
0.001604713278
0.001552977613
0.001515242925
0.001471759574
0.001425261811
0.001383318491
0.001345185787
0.001310506938
0.001274176014
0.001237280126
0.001203882247
0.001173882241
0.001140459426
0.001113923338
0.001085233421
0.001059899162
0.001036395879
0.001014608077
0.0009957381734
0.0009772721642
0.0009610947593
0.0009459672223
0.0009321752587
0.0009203972849
0.0009100900815
0.0009006681603
0.0008926348155
0.0008853637487
0.0008791195495
0.000873682984
0.000869241971
0.0008659050064
0.0008631602875
0.0008611415988
0.0008596062417
0.0008584334216
0.0008580750798
0.000858221564
0.0008587454371
0.0008595547154
0.0008608713242
0.0008622219314
0.0008642745516
0.0008666882933
0.0008693983846
0.0008725399985
0.0008755726103
0.0008782818873
0.0008808240006
0.0008829418192
0.0008846207276
0.000885994715
0.0008869607662
0.0008877638573
0.000888594462
0.000889313723
0.0008898166534
0.0008902973881
0.0008906830478
0.0008910051879
0.0008917071368
0.0008926833602
0.0008937458021
0.0008947578625
0.0008958207055
0.0008971442886
0.0008987726001
0.000900043906
0.0009013777752
0.0009029791156
0.0009054033992
0.0009099115037
0.0009187216513
0.0009301085801
0.0009422020172
0.0009551461442
0.0009691113097
0.0009845858193
0.001001408855
0.001018127302
0.001036149844
0.001055852913
0.001075666211
0.001095635093
0.001116243652
0.001136683645
0.001156005527
0.001173548918
0.001189886145
0.001205367667
0.001219593317
0.001232022837
0.001242826646
0.001251662859
0.001259505568
0.001266727509
0.001274477285
0.001281557325
0.001287605944
0.001293120781
0.001297146819
0.001300151658
0.001305563769
0.00131604109
0.001331730482
0.001351892585
0.001376271875
0.001404273649
0.001437934286
0.001476761728
0.001518091515
0.001559766923
0.001600931045
0.001639792672
0.00167363022
0.001702043911
0.001728985613
0.001753941596
0.001773972248
0.00178100454
0.001785135253
0.001795821632
0.001814197882
0.001845838506
0.001903544724
0.001988509616
0.002097097549
0.002233718378
0.002382941012
0.002536999543
0.002699925121
0.002857204277
0.003030793528
0.003211600546
0.003477259285
0.003751067513
0.003875672394
