0.01205320269
0.01098367694
0.007888530088
0.006632969163
0.006141915659
0.005345939562
0.004822180246
0.004554363382
0.004244579477
0.003877955728
0.00366593666
0.003543730345
0.003363398853
0.003217057441
0.003131840644
0.00303753795
0.002938755326
0.002878933693
0.002748610904
0.002675367569
0.002615664657
0.002544897928
0.002425273715
0.002327007468
0.002285239161
0.002211591723
0.002151238674
0.002094183744
0.002034025269
0.001969870779
0.00189322767
0.001830203041
0.001797601298
0.001744933763
0.001690079726
0.001631388737
0.00159604521
0.001547378795
0.001500309672
0.001450708414
0.001416430994
0.001372532703
0.001337021655
0.001295447056
0.001258600988
0.001225627269
0.001189564003
0.001157433359
0.001128313947
0.001098180407
0.001070072632
0.001042020844
0.00101417687
0.0009896556865
0.0009649504619
0.0009402314859
0.0009157783331
0.0008929241561
0.0008706862152
0.000849365783
0.0008274159583
0.0008074371922
0.0007889925568
0.0007724771088
0.000756595373
0.0007415749707
0.0007273587708
0.000713965056
0.0007015679826
0.000689639417
0.0006790431337
0.0006691663092
0.0006604095371
0.0006517169531
0.0006433590729
0.0006353094072
0.0006280139073
0.0006214342948
0.0006158220914
0.0006112125784
0.000606989242
0.0006026376719
0.0005983840965
0.0005944399677
0.0005915904578
0.0005895060043
0.0005883162159
0.000587529787
0.0005873262823
0.000587393086
0.0005877268722
0.0005882843229
0.000589277847
0.0005905317365
0.0005915638287
0.0005925957517
0.0005935011608
0.0005943444353
0.0005955181796
0.0005964894456
0.0005975699983
0.0005989305446
0.0006008734702
0.0006035918201
0.0006073683622
0.0006123373706
0.000618247093
0.0006247227549
0.0006315419398
0.0006384010192
0.000645067938
0.0006515058109
0.0006577085596
0.000663657343
0.0006695673844
0.0006754112073
0.0006815796509
0.0006884170753
0.00069644744
0.0007055768918
0.0007163061635
0.0007293233465
0.0007453156417
0.0007640862977
0.0007848835798
0.0008072136383
0.0008304541796
0.0008543421017
0.0008788492115
0.0009039116837
0.0009299398774
0.0009574315003
0.00098618899
0.001016155073
0.001046729192
0.001078470138
0.001111874053
0.00114750753
0.001185209858
0.001224960274
0.001267221259
0.001312839841
0.001362959448
0.001418544608
0.001480589744
0.001550328641
0.001627824736
0.00171259216
0.001803893066
0.001902214491
0.002007323229
0.002118434677
0.002235498675
0.002359321509
0.002488937913
0.00261919114
0.002745327707
0.002863699432
0.002974843691
0.003083605743
0.003180774467
0.003256800206
0.00331447924
0.003353470554
0.003372418672
0.003368396985
0.003352740384
0.003324068052
0.003254841748
0.003141314466
0.002930524697
