0.01936653827
0.01115471636
0.008305914727
0.006821896701
0.005895306848
0.005253715706
0.004778735445
0.004410284371
0.004114463965
0.003870612731
0.00366537303
0.003489698476
0.003337227771
0.003203346709
0.003084619963
0.002978432497
0.002882755257
0.00279598744
0.002716847505
0.002644296137
0.002577480687
0.002458345842
0.002404936106
0.002308296836
0.002223051431
0.002147154938
0.002079039474
0.002017480466
0.001961505955
0.001886344031
0.001841214806
0.001779786672
0.001724746072
0.001675078129
0.001615846227
0.001575856697
0.001527512363
0.001484008833
0.001435326352
0.001400236046
0.001360444466
0.001317742415
0.001279645692
0.001245406048
0.001214433884
0.001181805404
0.001148418353
0.001118528691
0.001091587979
0.00106140278
0.001037039301
0.001010289215
0.0009863513216
0.0009629318755
0.0009402311009
0.0009198709123
0.0008988252545
0.0008799913007
0.0008608919605
0.0008428550794
0.0008258612849
0.0008098789636
0.0007941936545
0.0007795774298
0.0007654213866
0.0007523040924
0.0007397126263
0.0007277036249
0.0007159748102
0.0007052477889
0.0006948816838
0.0006851891258
0.0006759339738
0.0006671544438
0.0006588706064
0.000651088457
0.0006436767033
0.0006367792879
0.0006301762518
0.0006240852408
0.0006182419802
0.0006128281445
0.0006077659946
0.0006030043847
0.0005985562935
0.0005944255524
0.0005905752803
0.0005869815971
0.0005836806217
0.0005806430578
0.0005778487875
0.0005752843265
0.0005729544647
0.0005708586622
0.0005689733654
0.0005672934306
0.0005658282103
0.0005645571783
0.0005634874201
0.0005626061242
0.0005619153937
0.0005614126646
0.000561094982
0.0005609620838
0.0005610134033
0.0005612481131
0.0005616689112
0.0005622761148
0.0005630698125
0.0005640560812
0.0005652362194
0.0005666158788
0.0005681987011
0.0005699881612
0.000571990558
0.0005742155282
0.0005766666661
0.0005793536684
0.0005822862933
0.0005854707664
0.0005889163272
0.0005926353642
0.0005966399361
0.0006009381198
0.0006055444135
0.000610472692
0.0006157360836
0.0006213468776
0.0006273199455
0.0006336760725
0.0006404244214
0.0006475867659
0.0006551765555
0.0006632159531
0.000671721991
0.0006807099794
0.0006902032475
0.0007002228954
0.000710784595
0.0007219175531
0.0007336356973
0.0007459658868
0.0007589288804
0.0007725513457
0.0007868536589
0.0008018615516
0.0008175998912
0.0008340952602
0.0008513729019
0.0008694592307
0.0008883840384
0.0009081698882
0.000928852199
0.000950453689
0.0009730088537
0.0009965486906
0.001021100789
0.001046700304
0.00107338029
0.00110117368
0.001130115003
0.001160241805
0.001191592014
0.001224199803
0.001258108372
0.001293356074
0.001329985204
0.001368037743
0.001407558215
0.001448594475
0.001491190692
0.001535397765
0.001581264714
0.001628844031
