2653.103579
4097.99859
5219.440895
6075.489186
6742.601303
7270.612566
7686.160417
8005.212992
8244.968761
8424.185457
8559.68708
8665.049294
8751.558814
8827.793709
8899.517928
8968.814007
9035.764968
9100.552529
9163.125344
9223.5315
9281.858969
9392.299126
9444.364321
9539.32943
9616.876352
9676.624775
9724.903242
9767.103887
9804.066871
9851.096958
9880.053963
9929.276831
9989.992108
10060.72932
10170.33886
10265.74541
10406.36962
10555.13441
10751.36701
10917.32732
11133.86244
11394.85151
11645.89858
11882.67772
12107.48308
12353.77633
12615.44764
12863.44244
13094.24242
13353.36307
13561.52585
13794.31889
13996.97994
14192.02304
14384.39587
14558.66401
14739.62672
14891.69159
15030.87054
15138.44662
15206.10247
15237.80299
15233.40708
15187.73515
15077.3783
14900.28352
14658.07402
14358.78297
14000.59314
13617.57838
13210.46106
12792.31819
12340.38609
11861.7649
11395.92277
10991.45968
10660.83721
10379.78547
10097.02262
9775.94205
9364.647624
8897.212051
8427.801843
7975.118418
7513.177694
7032.98896
6532.593531
5987.600316
5431.652607
4928.92558
4576.670378
4406.496688
4313.838829
4232.634507
4184.162995
4168.788988
4090.093711
3927.693578
3754.944544
3587.654508
3432.007289
3283.027094
3140.387861
3005.539816
2877.759587
2758.109307
2643.721492
2535.394043
2441.543152
2351.464102
2262.968712
2193.717766
2106.273078
2022.959806
1943.982957
1868.502056
1796.707212
1728.390587
1661.87164
1575.456973
1515.614207
1431.319407
1372.507897
1327.258217
1283.674444
1241.704786
1201.30428
1162.380364
1124.904825
1088.812492
1054.065612
1020.56966
988.3097878
957.2128369
927.2397852
898.3964448
870.5488124
843.7121591
817.8926495
793.0788864
769.2139429
746.3000488
724.3133884
703.2265486
682.9998865
663.6117469
645.0371628
627.4235913
610.575761
594.4964179
579.148207
564.5145424
551.2499243
540.7402167
537.7923017
534.2843731
537.0684763
539.7505318
541.3082958
541.964962
540.137666
537.6513517
535.3172431
529.9828471
520.2683188
505.5537558
487.147063
462.3813071
437.7255737
412.1895233
383.2666195
341.3548337
295.4026437
258.2745888
