0.01311527319
0.01626243557
0.01600818534
0.01348732614
0.01003506822
0.007163758602
0.005634981259
0.004990275274
0.004807362801
0.00496189574
0.005017720757
0.004715160131
0.004225706285
0.003825357371
0.003606344429
0.003512020876
0.003492504719
0.00348900172
0.003226796757
0.00301876079
0.002851265421
0.002764963484
0.002763279634
0.002682601138
0.002602401103
0.002427414468
0.002348210327
0.002293482559
0.002233866976
0.0021431833
0.002051571803
0.001979307618
0.00193794117
0.001856962724
0.001805599054
0.001730120917
0.001687850649
0.001620258316
0.001580455406
0.001507460352
0.00147779629
0.001424771505
0.001383229986
0.001338521321
0.001297050167
0.001255732158
0.00121737158
0.001179067646
0.001145683168
0.001111464832
0.001075980518
0.001042982369
0.001008964303
0.0009785105935
0.000947714957
0.000917759809
0.0008898544682
0.0008639785905
0.0008388409625
0.0008152086947
0.0007904753582
0.0007684616937
0.0007459898544
0.000724470032
0.0007037028982
0.0006845359752
0.0006662839784
0.0006492500135
0.000632526546
0.0006155546789
0.0005998075824
0.000584462903
0.0005697636682
0.0005562341513
0.0005439131683
0.0005319947097
0.0005201697819
0.0005086022955
0.0004969175697
0.0004859205571
0.000476171723
0.0004668942488
0.0004580911081
0.0004497042469
0.0004416687534
0.0004335627144
0.0004259271458
0.0004190107413
0.0004129969014
0.0004074566544
0.0004024977927
0.0003979145333
0.0003939910997
0.0003903087883
0.000387034116
0.0003844412579
0.0003820401902
0.0003799115754
0.0003779447861
0.0003761355382
0.0003753077056
0.000374662139
0.0003741507462
0.0003738760583
0.0003742210958
0.0003746394686
0.0003750739518
0.0003763089595
0.0003783147394
0.0003811220819
0.0003845983462
0.0003885658339
0.0003936347515
0.0003992789316
0.0004057589954
0.0004122771823
0.000418978657
0.0004256844043
0.0004321986907
0.0004378436388
0.0004427816019
0.0004468728367
0.0004497074845
0.0004514751511
0.0004527605222
0.0004534754099
0.0004543836532
0.0004558493661
0.0004579193833
0.0004606119655
0.0004648349913
0.0004709956302
0.0004789816344
0.0004891610101
0.000501249545
0.0005150906643
0.0005305222224
0.0005479481251
0.0005663598401
0.0005860659687
0.0006071274503
0.0006287058811
0.0006503029665
0.0006727985225
0.0006970900599
0.0007229612542
0.0007486370857
0.000775622011
0.0008035744713
0.0008326292779
0.0008610776434
0.0008894009904
0.0009207216929
0.0009556337673
0.0009903305958
0.001024783101
0.001061697565
0.001101503481
0.001142933664
0.001184611972
0.001225108833
0.001266383855
0.001308088999
0.00135216453
0.001395716872
0.001441079857
0.001490388857
0.001542552156
0.001608076688
0.00169185157
0.001794240084
