0.02726342302
0.03306892385
0.03807924523
0.04130702575
0.04333861601
0.04485058455
0.04595539024
0.04671797151
0.04722762927
0.04761238604
0.0479445887
0.04830752734
0.0487609418
0.04937403578
0.05019640063
0.05123438448
0.0524689283
0.0538705566
0.05541036312
0.05706084927
0.05880012167
0.06247807354
0.06438917231
0.06830268446
0.0722844695
0.07628522268
0.08027944881
0.08427640129
0.08826959083
0.09421589711
0.09813744764
0.1039447877
0.1096662396
0.1153076637
0.1226753766
0.1280607326
0.1350575951
0.1418255348
0.1499372476
0.156155447
0.1636034275
0.172074061
0.1800449296
0.1875235023
0.1945318325
0.2021609185
0.2102117798
0.2176076803
0.224420691
0.2322028433
0.2385930913
0.2457263463
0.2522280645
0.2587334816
0.2652421017
0.2713351342
0.2780164318
0.2844632685
0.2915900903
0.2989549457
0.3064794054
0.3140389606
0.3218667822
0.3295005469
0.3371925711
0.3445720744
0.35186065
0.3589630155
0.3660401438
0.3727297148
0.3795782162
0.3864664507
0.3934960926
0.4005188646
0.4074365697
0.4141555592
0.4204812978
0.4260339924
0.4310024205
0.4350615409
0.4381345443
0.4401167308
0.4410928759
0.4411767829
0.4407317474
0.4405268621
0.4414280804
0.4442117974
0.4488493562
0.4552185302
0.4634027115
0.4733157481
0.4847893916
0.497725121
0.5121347843
0.5275172612
0.5431547534
0.5587594227
0.574205833
0.589796728
0.6056106427
0.6217675063
0.6384178173
0.6556347468
0.6734766673
0.6919891281
0.7113501554
0.7315266895
0.7525230551
0.7741787652
0.7962154548
0.8185390986
0.8405629972
0.8625094337
0.884779026
0.907727237
0.9315832394
0.9565874254
0.9829342454
1.010819591
1.040695965
1.072724139
1.107388969
1.144884444
1.18499575
1.227535373
1.272351771
1.319322724
1.368379831
1.419529563
1.472706901
1.527967002
1.585316761
1.644843178
1.706606802
1.770668219
1.837156454
1.906195567
1.977884209
2.052423324
2.129922078
2.210586978
2.294598572
2.382190818
2.473572867
2.569009542
2.668787153
2.773226811
2.88267069
2.997506556
3.118186052
3.245162901
3.379028974
3.52012042
3.668164863
3.820984866
3.977029454
4.137778234
4.305710278
4.483255776
4.671826328
4.867033695
5.062393491
5.252939204
5.43520327
5.607606455
5.766521643
5.90537141
6.055113649
6.184701244
6.241240476
6.244191376
6.187500746
6.032148181
