526.0848841
345.2917182
274.2862344
234.1658329
207.6179895
188.4125258
173.6973798
161.9612772
152.3198744
144.2170383
137.2833458
131.2625899
125.970784
121.2719511
117.0631414
113.2647914
109.8143128
106.661705
103.7664778
101.0954464
98.6211204
94.1742039
92.16571623
88.50761213
85.25460081
82.33710937
79.70121624
77.30439778
75.11260716
72.15030127
70.36072957
67.91115559
65.70238637
63.69743951
61.2911012
59.65661146
57.66942468
55.87017344
53.84355179
52.37360399
50.69682953
48.8849312
47.25671759
45.78318564
44.4413613
43.01792635
41.55008564
40.22546692
39.02227407
37.66282614
36.55605239
35.33015787
34.22277749
33.1290085
32.05808083
31.08773704
30.07399939
29.15666212
28.21565056
27.31605746
26.45778717
25.64016779
24.82690599
24.05842136
23.3033142
22.59312787
21.90092859
21.23018065
20.56405361
19.94424912
19.3346485
18.75414944
18.18931183
17.64291358
17.11682421
16.61218078
16.12105403
15.65368392
15.19576594
14.76308721
14.33751401
13.93278936
13.54398928
13.16777456
12.8057116
12.45879588
12.12457623
11.80144857
11.49327322
11.19806727
10.91446373
10.64155878
10.38035607
10.13145081
9.892604011
9.66350641
9.445980526
9.237486757
9.039630114
8.850485737
8.670755422
8.50027297
8.338386488
8.1851155
8.040439218
7.904297831
7.775688167
7.655079478
7.542477394
7.437218921
7.339435531
7.248862635
7.165460655
7.089177845
7.019852996
6.957289731
6.901504403
6.852364052
6.809784966
6.773748034
6.744192559
6.721052791
6.7042938
6.693903679
6.689856435
6.692147738
6.700783762
6.715773025
6.737134535
6.764922911
6.799151035
6.83989498
6.887194117
6.94114576
7.001822039
7.069283925
7.143656183
7.225054277
7.313552513
7.409342579
7.512490706
7.623178316
7.741537494
7.86775792
8.001975028
8.144377251
8.295148676
8.454493339
8.622605765
8.799694949
8.986006289
9.181717044
9.387134476
9.602442949
9.827946701
10.0639181
10.31059784
10.56830508
10.83734037
11.11800541
11.41062015
11.71553724
12.03311526
12.36367662
12.70763708
13.06536496
13.43727018
13.82376101
14.22527295
14.64227669
15.07520668
15.52456693
15.99084343
16.47455843
