888.5535201
520.9988914
391.86045
323.8656889
281.0306818
251.1467347
228.8801994
211.5107053
197.4962608
185.8929672
176.0881762
167.6654588
160.3309986
153.871008
148.1258586
142.97371
138.3197867
134.0891406
130.2216389
126.6684136
123.3892955
117.525347
114.8889266
110.1059297
105.8724159
102.0909265
98.68655144
95.60064854
92.7865731
88.99476465
86.71030671
83.59067044
80.78473787
78.24328856
75.19973891
73.13642907
70.63206072
68.3683192
65.82259494
63.97870231
61.87786062
59.61053037
57.57537172
55.73530058
54.0610263
52.28618087
50.45718134
48.80756694
47.30981564
45.61815594
44.24127469
42.71644553
41.33912958
39.97871098
38.64654403
37.43924597
36.17757409
35.0354219
33.86320989
32.74190506
31.67134518
30.65066571
29.63448607
28.67325313
27.72765563
26.83717274
25.96803174
25.12453009
24.28540923
23.50319465
22.73232423
21.99666534
21.2791835
20.58336629
19.91158147
19.26529334
18.63432952
18.03185277
17.43941005
16.87743635
16.32237644
15.79212836
15.28030064
14.78249258
14.30076291
13.83646026
13.38632305
12.948168
12.5272486
12.12091763
11.72731805
11.34519319
10.97595967
10.62051815
10.27571241
9.941092159
9.619370027
9.306837704
9.00594245
8.713804646
8.431532543
8.158929506
7.895005077
7.639835654
7.393454721
7.155852902
6.925330923
6.702769614
6.4882857
6.280698354
6.080329771
5.886716589
5.699849798
5.519716463
5.346049705
5.178444437
5.017037031
4.861554415
4.711820334
4.567873047
4.429610226
4.296852629
4.169495653
4.047581879
3.93098235
3.819633149
3.713516413
3.612645438
3.517000368
3.426503309
3.341266532
3.261244814
3.186513159
3.117070684
3.052983572
2.994331446
2.941146629
2.89349002
2.851447639
2.815051932
2.784389732
2.759501469
2.740438741
2.727235629
2.719923509
2.718516237
2.723016712
2.733416018
2.749692255
2.771811955
2.799735857
2.833404449
2.872771896
2.917764278
2.968326965
3.024397846
3.085906294
3.15280206
3.225033752
3.302554317
3.385326754
3.473329502
3.566549673
3.664970663
3.768610784
3.877481707
3.99161495
4.11104872
4.235836559
4.366049699
4.50175442
4.643044756
4.790014763
4.942775179
