0.01826757007
0.01081318763
0.00817910573
0.006786216691
0.005905901686
0.005290254025
0.004830687289
0.004471687542
0.004181721235
0.003941449266
0.003738298148
0.003563708471
0.003411632825
0.003277665578
0.003158513533
0.003051660564
0.002955147673
0.002867424411
0.002713599674
0.00264565311
0.002582714268
0.002524202913
0.002418572709
0.002325632141
0.002283168681
0.00220507595
0.002134840043
0.002071239946
0.002013304035
0.001960248301
0.001888445181
0.001824491147
0.001785553487
0.001731904702
0.001683200055
0.001624754173
0.001585072054
0.001536858668
0.001493247157
0.0014441891
0.001408660315
0.001368200308
0.001331511438
0.001291712716
0.001255833419
0.001223286494
0.001188902938
0.001157816615
0.001129548469
0.001100199118
0.001070399841
0.0010435006
0.001016501484
0.0009920966161
0.0009678052839
0.0009439069744
0.0009206177737
0.0008996274132
0.0008792112582
0.0008594860077
0.000839413389
0.0008213997333
0.0008042320123
0.0007879230971
0.000771740557
0.0007565520265
0.0007417286236
0.0007279308151
0.000715091089
0.0007023110402
0.0006905413666
0.0006793650272
0.000668812101
0.000658897288
0.0006493939767
0.0006405784266
0.0006322508473
0.0006244505599
0.0006172006867
0.0006105114192
0.0006043828885
0.0005987200696
0.0005935479497
0.0005888162545
0.0005846642678
0.0005809696968
0.0005777118989
0.0005749738845
0.0005726886696
0.000570850386
0.0005694969821
0.0005685910134
0.0005681494513
0.0005681676714
0.0005686466419
0.0005695828109
0.0005709873331
0.0005728605862
0.0005752118735
0.0005780209893
0.0005813273057
0.0005851269659
0.0005894116593
0.000594210772
0.0005995147316
0.0006053545454
0.0006117183101
0.0006186369155
0.0006260957978
0.0006341480303
0.0006427769559
0.0006520109969
0.0006618776562
0.0006723796398
0.0006835417455
0.0006953639452
0.0007079146364
0.0007211673483
0.0007351637398
0.0007499431233
0.0007655423435
0.0007819515284
0.0007992041534
0.0008173746209
0.0008364478016
0.0008565138425
0.00087755406
0.0008996525713
0.0009228483404
0.0009471582073
0.0009726762218
0.0009994142606
0.001027459649
0.001056857849
0.001087670786
0.001119975802
0.001153846896
0.001189372716
0.001226603955
0.00126565842
0.001306632697
0.001349620525
0.001394729627
0.001442081131
0.00149180907
0.001544044361
0.001598930912
0.001656625298
0.001717296521
0.001781110978
0.001848262574
0.001918971786
0.001993427396
0.002071902625
0.002154610701
0.002241834087
0.002333866646
0.0024310002
0.002533579786
0.002641934788
0.00275644733
0.002877524509
0.003005598359
0.003141099546
0.003284549708
0.003436442588
0.003597336169
0.003767826044
0.003948558134
0.004140190031
0.00434344242
