667.5769927
453.3008156
364.8741433
313.6951428
279.3388317
254.2439301
234.8828616
219.3606153
206.5566757
195.760572
186.4972051
178.4352579
171.3357004
165.0211745
159.3569403
154.2385545
149.583641
145.3262371
141.4128155
137.7994239
134.4495903
128.4231239
125.698697
120.7326615
116.3122961
112.3444807
108.7569235
105.4925309
102.5055316
98.46566381
96.02356078
92.67888661
89.66110343
86.9202169
83.62859022
81.39150068
78.67026584
76.20501573
73.42662417
71.41030178
69.10910342
66.62099913
64.38377255
62.3579173
60.51212159
58.55294521
56.53136955
54.70585417
53.04663317
51.17064521
49.64225291
47.94813235
46.41659178
44.9026621
43.41907735
42.07365284
40.66675236
39.39238265
38.08376612
36.83133909
35.63503257
34.49398186
33.35751689
32.28211673
31.22386496
30.22700221
29.25377773
28.30904302
27.36901967
26.49258885
25.62873941
24.80424722
24.00005006
23.22008192
22.46702097
21.74253102
21.03522932
20.35988982
19.69584582
19.06601812
18.44402328
17.84993355
17.27659964
16.71910614
16.17977304
15.66012237
15.15651609
14.66652702
14.1960429
13.74211461
13.30268065
12.87635403
12.46473102
12.06882791
11.68514416
11.31319944
10.95602547
10.60952377
10.27642833
9.953573428
9.642210846
9.342148113
9.052323563
8.772853444
8.503806549
8.245204269
7.995238266
7.754910341
7.524386793
7.302446602
7.089489662
6.885080972
6.68927366
6.502116895
6.323398934
6.152777652
5.990470209
5.836281724
5.69012472
5.552124878
5.422270766
5.300484566
5.186765449
5.081243265
4.983895069
4.894757421
4.813902289
4.741417593
4.677357753
4.621737586
4.574682046
4.536209401
4.506390604
4.485250311
4.472828056
4.469143801
4.474198119
4.487987258
4.51048222
4.541669002
4.581484405
4.62989069
4.686822059
4.752231514
4.82603841
4.908184845
4.998609097
5.0972615
5.20408843
5.319048422
5.442128823
5.573277814
5.712537325
5.859874261
6.015345097
6.178993412
6.3508492
6.531005555
6.719551235
6.916584014
7.122222408
7.336615552
7.559923976
7.792289592
8.033926277
8.285020526
8.545793545
8.816470459
9.097300146
9.388560342
9.690507354
10.00344959
10.32768608
10.66354401
