0.01164625029
0.01011965713
0.008307090475
0.007241994865
0.006545988408
0.005780418679
0.005189860569
0.004656077544
0.004204298242
0.003900948629
0.003706620002
0.003536065808
0.003384894588
0.003262289246
0.003173900355
0.003107343922
0.003039439436
0.002955474129
0.002851727274
0.002742635171
0.002649097698
0.002514183491
0.00246004009
0.002372043987
0.002303250184
0.002219817373
0.002130309216
0.002056857505
0.001997693443
0.001934996237
0.00189163845
0.00181498676
0.001754327039
0.001711290262
0.001645537973
0.001598835135
0.00155060963
0.001503296992
0.001448197588
0.001413162185
0.00136722558
0.001322617741
0.001279648754
0.001244450857
0.001210588055
0.001176939308
0.001141598014
0.00110990655
0.001081463584
0.001049624926
0.001024128403
0.0009958233865
0.0009702362663
0.000944710629
0.0009193663267
0.0008966010945
0.0008727005082
0.0008509291756
0.0008286489218
0.0008070284059
0.000786336107
0.0007669744567
0.0007483121014
0.0007306386928
0.0007135824113
0.0006973998065
0.0006819468474
0.0006676381641
0.0006535321925
0.000640722859
0.000628537382
0.000617155281
0.0006065030497
0.0005970391816
0.000588525761
0.000580776516
0.0005737510808
0.0005673094953
0.0005609724667
0.0005553613588
0.0005498066885
0.000544963255
0.0005406414103
0.0005366075958
0.0005330585647
0.000530323974
0.0005283937038
0.0005270372288
0.000526652152
0.000526704516
0.0005274703638
0.0005290752738
0.0005310131667
0.0005333934797
0.0005364051993
0.0005397905078
0.0005433435712
0.0005472131547
0.000551534936
0.0005564007398
0.0005616969011
0.0005670518864
0.0005720608679
0.0005769996377
0.0005817481687
0.0005866307797
0.000592167797
0.0005982337395
0.0006045195944
0.0006114043683
0.0006186674238
0.0006264219587
0.0006346096991
0.0006433296036
0.000652582888
0.000661622206
0.0006697762829
0.0006767314984
0.000682921531
0.0006881962477
0.0006924683555
0.0006961020235
0.0006994753129
0.0007024683467
0.0007055046255
0.0007084842751
0.0007115044002
0.0007149516484
0.0007189633296
0.0007244413937
0.0007326043555
0.0007435225577
0.0007571055297
0.0007735003215
0.0007929428888
0.0008149150743
0.0008394476795
0.0008657779681
0.0008938203047
0.0009235037496
0.0009549714511
0.000989192107
0.001026398818
0.001065579288
0.001105973965
0.001147479712
0.001188942791
0.001230649943
0.001272120627
0.001311400691
0.001349080069
0.001384905287
0.001415242398
0.00143531378
0.001443449705
0.001438098448
0.001413228665
0.001369761525
0.001306291253
0.001232193748
0.001144579925
0.001043921787
0.0009487323591
0.0008724539214
0.0008139327451
0.0007468574961
0.0006736888113
0.0005783980957
0.0004866032705
0.0004818606659
0.0006209947172
0.0008469850853
0.001068951217
0.001244015001
