0.01400742585
0.008565249212
0.00659631302
0.005537668758
0.004860472769
0.004382603197
0.00402344286
0.003741397927
0.00351265305
0.003322500679
0.003161320016
0.003022526315
0.002901445021
0.002794656113
0.002699593374
0.002614289391
0.002537207644
0.002467128652
0.00240307077
0.002344233858
0.002289958404
0.002192983443
0.002149432033
0.002070524302
0.002000821737
0.00193870128
0.001882912162
0.00183247308
0.001786602034
0.001725010772
0.001688040498
0.00163774301
0.001592711869
0.00155211657
0.001503769086
0.001471177051
0.00143183939
0.001396510296
0.001357066852
0.001328704616
0.001296621387
0.001262296344
0.001231776178
0.001204438454
0.001179792611
0.001153922206
0.001127558859
0.001104058797
0.001082966608
0.001059443164
0.00104054698
0.001019899855
0.001001518444
0.0009836281572
0.0009663804999
0.0009509945293
0.0009351784614
0.0009211046502
0.0009069142151
0.0008935927895
0.0008811162629
0.0008694516288
0.0008580722427
0.0008475323709
0.0008373858037
0.0008280401317
0.0008191222659
0.0008106674656
0.0008024595193
0.0007949972893
0.0007878283023
0.0007811641292
0.0007748373081
0.0007688700487
0.000763271752
0.0007580421169
0.0007530893232
0.0007485059411
0.000744142668
0.0007401402444
0.0007363222533
0.0007328051392
0.0007295356052
0.000726478591
0.0007236406623
0.0007210224264
0.0007185988925
0.0007163538372
0.0007143085508
0.000712443531
0.0007107454375
0.0007092053767
0.000707825585
0.0007066049588
0.0007055292252
0.0007045952986
0.0007038079942
0.0007031560315
0.0007026429592
0.0007022626137
0.0007020162648
0.0007019030177
0.0007019225457
0.0007020756092
0.0007023628718
0.0007027849302
0.0007033469448
0.0007040497497
0.0007048948798
0.0007058900781
0.0007070379629
0.0007083456179
0.000709818283
0.0007114612905
0.0007132827939
0.0007152941778
0.0007175016473
0.0007199172726
0.0007225535688
0.0007254203361
0.0007285305941
0.0007319007907
0.0007355477599
0.0007394854385
0.0007437344422
0.0007483157759
0.0007532507915
0.0007585611593
0.0007642722038
0.0007704163693
0.0007770164228
0.0007841090336
0.0007917245454
0.0007999040138
0.0008086855892
0.0008181078936
0.0008282204852
0.0008390735417
0.0008507143113
0.00086320824
0.0008766073362
0.0008909819438
0.0009063995768
0.0009229391781
0.000940676844
0.0009597001796
0.0009801011657
0.001001979796
0.001025440462
0.001050595594
0.001077569378
0.001106483021
0.001137484269
0.001170710453
0.001206325522
0.001244497823
0.001285399984
0.001329227656
0.001376184539
0.001426486096
0.001480363313
0.001538066519
0.001599861606
0.001666022361
0.001736857194
0.001812682422
0.001893841391
0.00198069683
0.002073638557
0.002173087376
0.002279479662
0.002393294411
0.002515033961
0.002645239494
