0.02910423054
0.03508153666
0.03962849222
0.04224959263
0.04372400658
0.04481802917
0.04563237811
0.04621177895
0.04657897537
0.04683021125
0.04706351155
0.04737736151
0.04783729732
0.04848515647
0.04933085421
0.05036389583
0.0515574901
0.05288487035
0.05433085354
0.05588462154
0.05753296071
0.06105410086
0.06289375653
0.06666038398
0.07047105021
0.07428515903
0.07809835829
0.08190431816
0.08568942656
0.09131645853
0.09502733938
0.1005186277
0.1059014382
0.1111721802
0.1180214717
0.1230264113
0.1295316279
0.1358183464
0.1433638686
0.1491532869
0.1560801439
0.1639407971
0.1713181599
0.1782438671
0.1847403212
0.1918187061
0.1992898118
0.2061630496
0.2125139401
0.2198033938
0.2258248814
0.2325821869
0.2387643361
0.2449434288
0.2510370508
0.2565623893
0.2622898701
0.2673840314
0.2724629645
0.2771310105
0.281360889
0.285118965
0.2885328564
0.2914337868
0.2939969225
0.2962194001
0.2983198697
0.3004244405
0.302696669
0.3050050224
0.3074441013
0.3099613269
0.3126411587
0.3153763397
0.3179846639
0.3203540397
0.3226514266
0.3250371022
0.3275301688
0.3298951026
0.3321198064
0.3343864025
0.3371277783
0.3407390976
0.3454687598
0.3514961347
0.3586167668
0.3665241576
0.3750848362
0.3844711134
0.3949124598
0.4064420088
0.4187571787
0.4315317423
0.4447791674
0.4584698898
0.4725599598
0.4873804614
0.5027771372
0.5188606029
0.5355670037
0.5529138544
0.5709585292
0.5896974651
0.6091330431
0.6292584462
0.6502252427
0.6719561337
0.6944215586
0.7177660932
0.7419066953
0.7669363282
0.7929549738
0.8198930154
0.8477713955
0.8766480465
0.906499616
0.9373795031
0.9693395341
1.002391653
1.036558304
1.071970519
1.108566619
1.146411002
1.185601252
1.226214273
1.268316864
1.311967625
1.35724381
1.404263534
1.453057283
1.503747893
1.556397521
1.611129531
1.668033687
1.727194563
1.788754498
1.852830065
1.919498915
1.988938594
2.061243278
2.136601827
2.215180836
2.297201275
2.382866218
2.472430661
2.566165444
2.664382197
2.767426518
2.875653185
2.989464949
3.109274509
3.2356299
3.369050506
3.510877456
3.664749924
3.83381277
4.018316121
4.217922582
4.432850528
4.662949854
4.903649624
5.149454616
5.396578525
5.642649717
5.884728366
6.117287041
6.331997487
6.483585205
6.566823914
6.584011053
6.563907378
6.491926926
6.342110346
