0.007666049149
0.007436885689
0.006374590088
0.005621355956
0.005083263785
0.00466658108
0.004332552046
0.004060980493
0.003838410417
0.003650258984
0.003488062676
0.003346869042
0.003222480543
0.003112400125
0.003013210055
0.002920981329
0.002834893708
0.002755542814
0.002683197523
0.002616678081
0.002555247568
0.002443971767
0.002393833876
0.00230266757
0.002220411948
0.002146114639
0.002079962668
0.002020017266
0.001965196921
0.001890428782
0.001844540783
0.001781623107
0.001725477976
0.001673939814
0.001612071985
0.001570481107
0.001518957995
0.001471300148
0.001418108649
0.001379734383
0.001336351886
0.001289854512
0.001248739877
0.001211853708
0.001178186833
0.001142017969
0.001104838758
0.001072603363
0.001044399929
0.001012420658
0.0009860008843
0.0009565101217
0.00093002023
0.00090347983
0.0008772928686
0.0008542891824
0.0008303038328
0.0008083408556
0.0007852501589
0.0007631639706
0.000741870059
0.0007214121195
0.0007010751421
0.0006819206716
0.0006632053851
0.0006453984512
0.0006274262913
0.0006098600396
0.0005924637874
0.0005760528495
0.000559466126
0.0005436149195
0.000528111303
0.0005132256023
0.000498987388
0.0004849093821
0.0004708691063
0.0004580602287
0.0004457243047
0.0004340247473
0.0004229371692
0.0004125016801
0.0004024705838
0.0003923182155
0.0003824016924
0.00037346196
0.0003652478338
0.0003576618955
0.0003497737224
0.0003418847623
0.0003346805914
0.0003283314961
0.0003227486957
0.0003178899764
0.0003132978477
0.0003089128273
0.0003045734526
0.0003003252134
0.00029665381
0.0002934016417
0.0002905358612
0.000287602112
0.0002845912893
0.0002812584125
0.0002783509114
0.0002759747334
0.0002736314507
0.0002714219992
0.0002696441666
0.0002682798595
0.0002674203194
0.0002669497106
0.0002673345656
0.0002684359851
0.000269919209
0.0002709427036
0.0002720717445
0.0002729543985
0.0002738424865
0.0002747907532
0.0002758405136
0.0002766464586
0.0002775407376
0.0002786558176
0.0002801432573
0.0002827706822
0.0002862488133
0.0002907249132
0.0002965759251
0.0003032685292
0.0003101265259
0.0003175050259
0.00032510141
0.000332488262
0.0003399482775
0.0003473819467
0.0003544284988
0.0003610437825
0.0003667087277
0.0003710532284
0.0003743278548
0.0003764668898
0.0003776982031
0.0003779262976
0.0003769153134
0.0003754661571
0.0003737296192
0.0003718228828
0.0003695025302
0.0003661999988
0.0003631288829
0.0003609031188
0.0003575552218
0.000356775531
0.000358672567
0.0003624290171
0.0003662164353
0.0003680677145
0.0003661870109
0.0003622664172
0.0003596797381
0.000357058044
0.0003559197417
0.0003594288453
0.0003684611844
0.0003836642094
0.0003998892963
0.0004194139843
0.0004393575634
0.0004515899028
0.0004492800969
0.0004282582949
0.0003900698021
0.0003530292868
