503.8542068
321.7148431
256.1815586
218.8432266
193.5536153
175.444221
161.0705284
149.7675537
140.871373
133.3575246
127.1182005
121.5016007
116.6461009
112.144588
108.1882327
104.5784689
101.2557863
98.15472439
95.28452902
92.7581372
90.35059681
86.02007874
84.06141921
80.51818478
77.39320148
74.58132968
72.07685332
69.91699736
68.05646331
65.4816979
63.91526067
61.81031892
59.87093879
58.15023083
56.14258677
54.75164369
53.00833201
51.36597604
48.90222776
46.96445443
44.77593716
42.54625801
40.62772752
38.9904315
37.54243464
36.09277167
34.58033023
33.21258936
32.12538794
31.60385987
31.04704343
30.33830042
29.72803603
29.13085257
28.47065729
27.8310787
27.20351641
26.57214579
25.89774941
25.49817173
25.08962214
24.68089702
24.24271658
23.83647282
23.36440034
22.85601769
22.27860804
21.73548512
21.20224998
20.66608768
19.99216723
19.41100082
18.87400741
18.2852911
17.73210741
17.2476852
16.76396962
16.37462173
15.96556856
15.4897699
14.88888883
14.21997007
13.55362094
12.97912515
12.50956853
12.06011487
11.63081128
11.2197268
10.88167617
10.69163501
10.60355767
10.574818
10.65114687
10.7312573
10.72916523
10.71373691
10.67637865
10.5152088
10.37819967
10.22470823
10.14827059
10.14965434
10.22728807
10.26670918
10.26355343
10.20572181
10.13624318
10.14853021
10.18770856
10.18183617
10.12340608
10.095286
10.13044119
10.14237785
10.13654011
10.1896693
10.22591935
10.24861971
10.31899059
10.35085811
10.42365528
10.47455319
10.5577764
10.59650183
10.63354468
10.6299083
10.60078473
10.57452
10.5256862
10.45461745
10.35750858
10.23611161
10.08357177
9.895689357
9.671385333
9.423952383
9.115442448
8.744042392
8.344250386
7.900994407
7.434959628
7.032698944
6.77769235
6.651232114
6.585287826
6.495559505
6.394909196
6.360263495
6.347391587
6.36734222
6.436522253
6.506632382
6.49124636
6.456014645
6.424266519
6.430714833
6.519308347
6.743093458
7.072908744
7.495441066
7.938272998
8.395920757
8.960249471
9.620781974
10.33344811
11.04661361
11.81450409
12.52773959
13.09351031
13.55629423
14.01154909
14.81273684
15.63077648
15.30808417
