528.3993019
332.0208188
258.8048298
218.6335848
192.5537692
173.9380541
159.8161569
148.6396967
139.5143648
131.8837322
125.3814528
119.7553615
114.825542
110.4597697
106.5584269
103.0448598
99.85900172
96.95303269
94.28834948
91.83340334
89.56212637
85.48701057
83.64931709
80.30681979
77.33934414
74.68181511
72.28393002
70.10611129
68.11673641
65.4312752
63.81077918
61.59488853
59.59908446
57.78932735
55.61965712
54.14744775
52.35926262
50.74184915
48.92199346
47.60335564
46.10061028
44.47855241
43.02259763
41.70639107
40.50907714
39.24031475
37.93354331
36.75573862
35.68718424
34.4814335
33.50111106
32.41676779
31.43870245
30.4741161
29.53118888
28.67822276
27.78864986
26.98513519
26.16245212
25.37758968
24.63037313
23.92011741
23.2152958
22.5509198
21.89979248
21.28905091
20.69544603
20.12193782
19.55417486
19.0276319
18.51152453
18.0218141
17.54709244
17.08966522
16.6510376
16.2320721
15.82612659
15.44158248
15.06660211
14.71402492
14.36899155
14.04257756
13.73067976
13.43053034
13.14329211
12.86964126
12.6075312
12.35560965
12.1167675
11.8893279
11.67211275
11.46431277
11.26656719
11.07918489
10.90034351
10.72968479
10.56842628
10.41454531
10.26908864
10.13050208
9.999163815
9.874813793
9.756839955
9.645121456
9.53950986
9.439831853
9.345223507
9.255901787
9.171751513
9.09215852
9.017104223
8.946272625
8.879522592
8.816710932
8.757609168
8.701952514
8.649663142
8.600532131
8.554390178
8.51113902
8.470641071
8.432743157
8.397321371
8.364298182
8.333554813
8.304997856
8.278552955
8.254160361
8.231759795
8.211287189
8.19273136
8.176056044
8.161262505
8.148349426
8.137343308
8.128287905
8.121237229
8.116270779
8.113492357
8.113027089
8.115030176
8.119686722
8.127214924
8.137873585
8.151958412
8.169814602
8.191837359
8.218480185
8.250255951
8.287746318
8.331614178
8.382585231
8.44150419
8.509274918
8.586935426
8.675621495
8.77656641
8.891149682
9.020865094
9.1673294
9.332292362
9.517648083
9.725421364
9.957734399
10.21689285
10.50528635
10.82544826
11.18001944
11.57177052
12.00361339
12.47852788
12.999675
13.57030955
14.19384922
