0.02386858476
0.0132469954
0.009632983803
0.007783650819
0.006647028157
0.005870792174
0.005303041296
0.004867294965
0.004520735685
0.004237459858
0.00400083968
0.00379968992
0.003626195419
0.003474721557
0.003341097165
0.003222164132
0.003115484465
0.003019143965
0.002931617162
0.002851672241
0.002778302754
0.002648104205
0.002589999889
0.002485296369
0.002393410205
0.002311986357
0.002239228896
0.00217374207
0.00211442311
0.002035122247
0.001987708443
0.001923421936
0.00186607579
0.00181454372
0.001753369858
0.001712250355
0.001662744951
0.001618398104
0.0015690116
0.001533579999
0.001493580231
0.001450879775
0.001412995195
0.001379128377
0.001348652743
0.001316723113
0.001284252659
0.001255371144
0.001229503997
0.001200724018
0.0011776648
0.001152538735
0.001130241032
0.001108614724
0.001087848725
0.001069406248
0.001050544529
0.001033858573
0.001017146668
0.00100158165
0.0009871347167
0.000973765928
0.0009608791101
0.0009491077852
0.0009379566064
0.000927874987
0.0009184591142
0.0009097542246
0.0009015534564
0.0008943561243
0.0008877221115
0.0008818531378
0.0008766026954
0.0008719980747
0.0008680500566
0.0008647568204
0.0008620653377
0.0008600253482
0.0008585744902
0.0008577581737
0.0008575419831
0.0008579399531
0.0008589433261
0.0008605646791
0.0008628047652
0.0008656563274
0.0008691408919
0.0008732887202
0.0008780539558
0.0008834607973
0.0008895386192
0.0008963196119
0.0009037890768
0.0009119277731
0.0009208127556
0.0009304733865
0.0009408357241
0.0009520254509
0.0009639637913
0.0009767732749
0.0009904208327
0.001004921743
0.001020338802
0.001036680615
0.001053952759
0.001072158002
0.001091440545
0.001111744729
0.001133061577
0.001155517423
0.001179092174
0.001203852262
0.001229812608
0.00125698353
0.00128541273
0.001315181245
0.001346279788
0.001378773861
0.001412719157
0.001448124915
0.001485031455
0.001523506277
0.001563605792
0.001605342472
0.001648788109
0.001694002201
0.00174103287
0.001789917791
0.001840714482
0.001893525702
0.001948353935
0.002005303075
0.002064406942
0.002125765387
0.002189435665
0.002255461595
0.002323944735
0.0023949677
0.002468574044
0.002544900739
0.002623978243
0.002705925043
0.002790817743
0.002878771382
0.002969859947
0.003064192105
0.003161870907
0.003263010128
0.003367715507
0.003476100403
0.003588298607
0.003704401607
0.003824576992
0.003948918613
0.004077589139
0.004210731183
0.004348468828
0.004490969336
0.004638388405
0.004790881604
0.004948613751
0.005111766453
0.005280523516
0.005455048932
0.005635555372
0.005822229713
0.006015279977
0.006214912652
0.006421347684
0.006634822381
0.006855554846
0.007083798117
0.007319795396
0.007563807686
