1047.369651
1612.17046
2130.751986
2568.144775
2921.925965
3199.617251
3411.378449
3566.119305
3672.029785
3737.09183
3768.934578
3775.118147
3762.969803
3739.410711
3710.43278
3680.457553
3652.369275
3627.73421
3607.109871
3590.358608
3576.929012
3556.627649
3548.136569
3531.799264
3514.26464
3494.426952
3472.327547
3447.726595
3420.372035
3373.494276
3337.28922
3276.256109
3211.703743
3147.669428
3064.414171
3002.294345
2917.481499
2832.60974
2730.691049
2651.693979
2561.648535
2471.267584
2399.365652
2343.940859
2298.398394
2251.696281
2205.575157
2167.057612
2131.731319
2094.603167
2067.619782
2031.794009
1995.649722
1950.055405
1890.989583
1835.27756
1778.84659
1727.113429
1669.859132
1616.069978
1558.96049
1493.464107
1425.154877
1362.867939
1312.476956
1281.124343
1256.238787
1236.65363
1226.050481
1214.266874
1197.624197
1186.568713
1186.047236
1185.006911
1180.497185
1163.53592
1128.533588
1092.999458
1055.759111
1017.336265
970.5870897
919.4143705
867.9859168
808.5310259
745.9942208
686.9623729
643.2208102
614.1199507
587.8343181
567.9372839
569.819943
577.7490272
586.0508536
590.6579633
596.0312489
597.2552488
593.5408888
584.9342687
574.1327927
562.6976133
550.8643554
538.6932103
526.2988256
513.7773659
501.2823594
488.7769183
476.2042805
463.6940172
451.4732188
440.5922461
429.736006
419.749772
409.5133817
399.2767991
389.0693916
378.9396758
368.9575155
359.0366563
349.2686662
338.518064
327.3814673
315.8898981
304.3950867
293.5772084
283.1961165
273.2184981
263.6451704
254.4498967
245.6006536
237.0943628
228.948043
221.1187932
213.6564325
206.4769645
199.5540235
192.9362318
186.5797093
180.4665389
174.6016608
168.9910477
163.582943
158.4240174
153.4615351
148.6566146
144.1155398
139.7639538
135.5467487
131.4939617
127.6519221
123.9992397
120.5080739
117.1352541
113.9608929
109.8631361
106.1774097
102.8875985
99.95528443
97.64967691
96.00157758
95.05010353
93.0118576
89.8922272
87.60332181
86.89561353
87.63678614
87.50752286
87.55808949
87.40045843
86.12733527
84.34769109
82.22190877
86.00606406
90.17905429
90.99436859
