7690.941218
6827.230109
6654.985876
6593.63483
6565.042751
6549.458276
6540.042987
6533.924586
6529.726342
6526.72158
6524.497412
6522.805172
6521.487853
6520.442367
6519.598765
6518.908228
6518.335849
6517.856132
6517.450102
6517.103406
6516.805021
6516.320702
6516.122634
6515.79282
6515.531089
6515.319912
6515.14706
6515.003789
6514.883714
6514.737028
6514.656598
6514.555879
6514.473813
6514.406061
6514.332677
6514.28747
6514.237248
6514.196001
6514.154044
6514.126415
6514.097599
6514.0695
6514.046767
6514.028117
6514.012625
6513.997654
6513.983695
6513.972306
6513.962892
6513.953255
6513.946145
6513.938991
6513.93314
6513.927896
6513.923243
6513.919414
6513.915781
6513.912799
6513.910021
6513.907615
6513.905534
6513.903734
6513.902108
6513.900714
6513.899471
6513.898409
6513.897467
6513.896638
6513.89589
6513.895259
6513.894694
6513.894205
6513.893772
6513.893391
6513.893057
6513.892766
6513.892508
6513.892284
6513.892084
6513.891912
6513.891758
6513.891624
6513.891507
6513.891404
6513.891313
6513.891233
6513.891163
6513.891101
6513.891048
6513.891001
6513.890959
6513.890923
6513.890892
6513.890864
6513.890841
6513.89082
6513.890803
6513.890788
6513.890775
6513.890765
6513.890757
6513.890751
6513.890746
6513.890744
6513.890743
6513.890744
6513.890747
6513.890752
6513.890759
6513.890768
6513.890779
6513.890793
6513.89081
6513.890829
6513.890852
6513.890879
6513.890911
6513.890947
6513.890988
6513.891036
6513.891091
6513.891154
6513.891227
6513.891309
6513.891404
6513.891512
6513.891636
6513.891777
6513.891939
6513.892123
6513.892334
6513.892574
6513.892849
6513.893162
6513.89352
6513.893929
6513.894396
6513.894929
6513.895537
6513.896231
6513.897024
6513.897929
6513.898961
6513.900141
6513.901486
6513.903023
6513.904777
6513.906779
6513.909064
6513.911673
6513.914651
6513.91805
6513.921931
6513.926361
6513.931417
6513.93719
6513.943779
6513.9513
6513.959886
6513.969687
6513.980874
6513.993645
6514.008224
6514.024865
6514.043861
6514.065546
6514.090299
6514.118555
6514.150808
6514.187628
6514.229657
6514.277633
6514.332399
6514.394914
