0.03768519462
0.01972981208
0.01371984714
0.01069845686
0.008873947111
0.007648880071
0.006767073604
0.006100341728
0.005577402375
0.005155436858
0.00480715998
0.004514353488
0.004264382984
0.004048206812
0.00385918084
0.003692311044
0.003543769582
0.003410571959
0.003181226817
0.003081646403
0.00299035271
0.002906300169
0.0027565605
0.002626935581
0.00256837175
0.002461745292
0.002367029313
0.002282219669
0.002205747024
0.002136363952
0.002043436281
0.00196159141
0.00191217944
0.001844607123
0.001783761307
0.001711355895
0.001662564227
0.001603670487
0.001550751878
0.001491609194
0.001449020037
0.001400755943
0.001357196388
0.001310151981
0.001267912024
0.001229723959
0.001189500969
0.0011532291
0.001120312161
0.001086191877
0.001051593277
0.001020387761
0.0009890777649
0.0009607737589
0.0009325863321
0.0009048266301
0.0008777326849
0.0008532640929
0.0008294065194
0.0008062875433
0.0007826756397
0.0007613961506
0.0007410212735
0.0007215642324
0.0007021428023
0.0006837917183
0.0006657473535
0.0006488116382
0.0006329102891
0.0006169242017
0.0006020379207
0.0005877309304
0.0005740417616
0.000560991813
0.0005482796756
0.0005362742146
0.0005247059807
0.0005136267478
0.0005030699036
0.0004930540091
0.0004835859376
0.0004745206805
0.0004658952872
0.0004576193054
0.0004499427762
0.0004426516816
0.0004356930585
0.0004292482894
0.000423172431
0.0004174324919
0.0004121535056
0.0004071953066
0.0004026228887
0.0003984396886
0.0003945907641
0.0003911147455
0.0003879717005
0.0003851736961
0.0003827128573
0.0003806060737
0.0003788236136
0.0003773744164
0.0003762611858
0.0003754767586
0.0003750237726
0.0003749004969
0.000375107969
0.0003756474802
0.0003765178221
0.0003777256912
0.0003792694949
0.0003811542965
0.0003833865284
0.0003859673741
0.0003889031475
0.0003921937263
0.0003958585836
0.0003998903502
0.0004043014261
0.0004091044191
0.0004143117468
0.0004199200735
0.0004259403177
0.0004323983233
0.0004392884193
0.0004466427547
0.000454453908
0.0004627522586
0.0004715516551
0.0004808573009
0.0004907038659
0.0005010943872
0.0005120609479
0.0005236192597
0.0005357912502
0.0005486047573
0.0005620861042
0.0005762672041
0.0005911645065
0.000606820964
0.0006232707337
0.0006405464416
0.00065868592
0.0006777319584
0.000697732077
0.0007187320496
0.0007407823529
0.0007639380081
0.0007882584487
0.000813801476
0.0008406353028
0.0008688381039
0.0008984747653
0.0009296431288
0.0009624164949
0.0009968949793
0.001033182468
0.001071381353
0.001111614274
0.001153997034
0.001198665427
0.001245764293
0.001295447491
0.001347867744
0.001403212366
0.001461657268
0.001523402573
0.00158866228
0.001657669109
0.001730659737
0.001807894446
