532.3461261
459.18497
419.4208615
357.1816373
284.8310638
226.319538
193.5203501
176.6974289
167.5567786
164.0930256
160.7684764
152.9287265
142.4313435
133.9039512
128.4253444
124.5843989
121.8804869
119.6720867
112.4080265
107.9395214
104.1483282
101.4640753
98.70437483
95.36277426
93.25329572
88.84372908
85.91478774
83.45688384
81.12742248
78.49490397
75.35892422
72.61468972
70.97161574
68.4041054
66.44085446
63.89706392
62.19692031
59.94912133
57.98811362
54.78492853
52.823611
50.30706987
48.21626584
46.04747662
44.15241621
42.41687225
40.65338429
38.99809833
37.60071754
36.25554302
35.80588123
35.35824621
34.83156293
34.29308284
33.65095689
32.96156188
32.31428739
31.77117816
31.24828647
30.70419855
30.13360366
30.05598992
29.87748817
29.62569605
29.37835268
29.2146589
29.02015325
28.73625322
28.34884611
27.93765889
27.48528197
27.06451008
26.30680586
25.55085776
24.79256504
24.04203683
23.16235515
22.42367956
21.74921211
21.09091461
20.45493118
19.79393194
18.98697261
18.03787579
16.98159282
15.92981312
14.9630875
14.15223677
13.31381879
12.39136102
11.41767059
10.5631486
10.06228207
9.802918606
9.592293312
9.534946589
9.728297641
9.79520394
9.625599069
9.44803575
9.103350619
8.548107717
8.024469092
7.349557653
6.938025148
6.724211903
6.800998633
6.729406497
6.564720697
6.210268529
5.781273658
5.615529636
5.702156512
5.683111778
5.418880477
5.077443639
5.05128925
5.092781895
4.893936943
4.708506847
4.785999766
4.674181302
4.512086161
4.576621724
4.419416765
4.483561282
4.421392913
4.457265228
4.403419777
4.468400097
4.429469153
4.477058069
4.532389652
4.576313918
4.646169049
4.749877327
4.856164841
4.970619012
5.107921576
5.269747367
5.451812808
5.661812017
5.889044989
6.105226914
6.340590562
6.560020311
6.781063693
6.978043178
7.158257748
7.335290048
7.524351303
7.725132456
7.905010546
8.041728285
8.221103905
8.421677096
8.646001679
8.832260776
9.045426487
9.305997423
9.560704512
9.813604323
10.09905104
10.50799721
11.0523231
11.57680322
11.99663612
12.41452664
12.90683264
13.5510945
14.35843137
