549.2205175
413.7863956
344.317237
300.5598424
269.4565001
246.76927
228.8632748
214.9789454
203.7646509
194.3470097
185.6970595
178.1895967
171.8855664
166.2187541
161.0691031
156.4093357
152.2417986
148.3584957
144.6654901
141.2279267
138.0106551
132.1890401
129.4243651
124.1677778
119.7889097
116.1309972
112.8123789
109.7302073
106.8206697
102.9299607
100.7968095
97.89224986
95.12914223
92.64104542
89.57373212
87.12495144
84.02123314
81.15441508
76.52313465
72.85741328
68.68601191
64.09158587
60.28665425
57.32954418
54.79470058
52.09920927
49.1086014
46.51510738
44.81021019
45.2062246
45.33746853
45.37540882
45.14596788
44.6396568
43.73758326
43.54733368
43.34426761
42.9623529
42.3286349
42.37952526
42.49687243
42.29585401
42.03648479
42.1327394
42.05334629
41.27275164
40.10229424
38.88343777
37.57237109
36.06708762
33.30270571
30.72120066
28.20309749
25.05216269
22.14875243
19.66499078
17.82467518
16.44798406
15.90992607
15.16886113
14.86298405
14.20077262
14.4060012
14.95768681
15.7884093
15.86493309
15.01131774
13.33718977
11.82220266
11.06878969
10.73234587
10.60489329
11.13192159
11.52986775
10.59204669
9.538371448
9.231476695
9.240192451
9.6964654
8.948615991
8.37949871
8.31519609
8.667751198
7.89284668
7.654337305
7.895894808
7.20312148
7.135327651
6.949697585
6.632886778
6.586802348
6.286725561
6.216441261
6.151418656
5.919224694
5.933673277
5.852199729
5.655901972
5.583495057
5.511939902
5.46387166
5.395232542
5.333457682
5.262693885
5.240693604
5.174139851
5.080480819
5.04558238
4.958204679
4.891619641
4.843972033
4.789284365
4.723254146
4.656568571
4.623135584
4.590552072
4.605293776
4.636838999
4.668582056
4.711369256
4.768991091
4.833542594
4.898361867
4.950862504
5.005831466
5.059792384
5.0956279
5.110414653
5.160528964
5.252654894
5.359887472
5.463054624
5.587478258
5.769179864
5.971580627
6.185157806
6.422536035
6.67509827
6.909389066
7.14967702
7.405865195
7.664309993
7.910149634
8.127639648
8.259764092
8.284927335
8.264300649
8.20774969
8.12564048
7.993909808
7.741059008
7.314506684
6.837813983
6.231015004
