679.4911014
420.3512316
325.2098661
273.510238
240.1664513
216.4788051
198.573647
184.4423916
172.9300266
163.3205726
155.1441237
148.078111
141.8929301
136.4201901
131.5332589
127.1348548
123.1488588
119.5147512
113.1159744
110.2785859
107.6441552
105.1896222
100.7448736
96.81911583
95.02065319
91.7049891
88.71353016
85.99670621
83.51494121
81.23620469
78.14264368
75.37739337
73.68899008
71.35637979
69.23205308
66.67386929
64.93101369
62.80649186
60.87769497
58.69934212
57.11554326
55.30505225
53.65647752
51.86015984
50.23295329
48.74989016
47.17523796
45.74393869
44.43548578
43.06935527
41.67353282
40.40519415
39.12332168
37.95621041
36.78574579
35.62473394
34.48323173
33.44489919
32.42532657
31.43017944
30.40610741
29.47607843
28.5788197
27.71535616
26.84652608
26.0186879
25.19759915
24.41999748
23.68319003
22.93529229
22.2317512
21.54847328
20.88748405
20.25007271
19.62155006
19.02026691
18.43295018
17.86225226
17.31002637
16.7774718
16.26526343
15.76571472
15.28089241
14.80564985
14.35461811
13.91562076
13.48532878
13.07516627
12.67626821
12.28634211
11.91411553
11.54992367
11.19850191
10.86048103
10.53157194
10.21521197
9.907944207
9.610928732
9.323384799
9.047648762
8.780056614
8.521704035
8.273345296
8.03354847
7.803117246
7.581022433
7.368027799
7.163372888
6.967734499
6.780021295
6.600961886
6.43022976
6.267659905
6.11353415
5.967787763
5.830692591
5.701784115
5.581659441
5.470207048
5.367431517
5.273420242
5.188526669
5.11281836
5.046251192
4.989139469
4.941453841
4.903454181
4.875164144
4.856710118
4.848197189
4.849685862
4.861237362
4.882906902
4.91471928
4.956687278
5.008830651
5.071154306
5.143679552
5.226333866
5.319177155
5.422222838
5.535469541
5.658945945
5.792715451
5.936878763
6.091528334
6.256794719
6.432847401
6.619894846
6.818137765
7.027862021
7.24943652
7.483129609
7.729472352
7.988804521
8.26167924
8.548680104
8.850378544
9.16750469
9.500732602
9.850890952
10.21887536
10.60564728
11.01215455
11.43960783
11.88912309
12.3619968
12.85962473
13.383538
13.93529037
14.51660718
