0.01257891109
0.008685032686
0.007035826474
0.006070670552
0.005418812326
0.004940884845
0.004571243923
0.004274391524
0.00402923546
0.003822352173
0.00364473874
0.003490101882
0.003353892375
0.003232729191
0.003124040172
0.003025829151
0.002936520093
0.002854849867
0.002779792663
0.002710505595
0.002646288799
0.002530810376
0.002478630508
0.002383567173
0.002299012335
0.002223173991
0.002154660324
0.002092371708
0.002035426323
0.001958495139
0.001912044273
0.001848500245
0.001791249016
0.001739326603
0.00167707788
0.00163484559
0.001583563094
0.001537198348
0.001485063009
0.001447314624
0.001404331774
0.001357988514
0.001316446667
0.001278945949
0.001244884073
0.001208850896
0.001171813698
0.001138506613
0.001108358559
0.001074429361
0.001046922223
0.001016588612
0.0009893208327
0.0009625251432
0.0009364340901
0.0009129296927
0.0008885260119
0.0008665895262
0.0008442457073
0.0008230502037
0.0008029931147
0.0007840499492
0.0007653815088
0.0007479152109
0.0007309335603
0.0007151407837
0.0006999302055
0.0006853785327
0.0006711269785
0.0006580621905
0.0006454139247
0.0006335725824
0.0006222589154
0.0006115285818
0.0006014150362
0.0005919341244
0.0005829345709
0.0005745991573
0.0005666703995
0.0005594170198
0.0005525319706
0.0005462374172
0.000540447726
0.0005351112831
0.0005302496976
0.0005258721384
0.0005219444072
0.0005184490871
0.0005154255267
0.0005128480348
0.0005107026479
0.0005089837512
0.0005076980249
0.0005068443508
0.0005064134114
0.0005064082592
0.0005068274002
0.0005076750689
0.000508945297
0.0005106509082
0.0005127891535
0.0005153617231
0.0005183800913
0.0005218468973
0.0005257634126
0.000530129628
0.0005349813803
0.0005403064993
0.0005461025711
0.0005524048643
0.0005592093445
0.0005665365877
0.0005743926356
0.0005827818755
0.0005917202845
0.0006012351261
0.0006113252291
0.0006220135082
0.0006333202383
0.0006452503428
0.000657819053
0.0006710511133
0.0006849678275
0.0006995752816
0.000714900272
0.000730965547
0.0007477899282
0.0007653884884
0.0007837834238
0.0008030135227
0.000823081163
0.0008440257316
0.000865860994
0.0008886251052
0.000912340555
0.0009370247598
0.000962716721
0.0009894484687
0.001017237318
0.001046135875
0.001076156509
0.001107344952
0.001139731076
0.001173359449
0.001208258986
0.001244471885
0.001282038238
0.001321002297
0.001361405257
0.001403291275
0.001446712452
0.00149170454
0.001538332813
0.001586633985
0.001636671517
0.00168850113
0.001742171358
0.001797747583
0.001855290725
0.001914861687
0.001976525013
0.002040351846
0.002106414233
0.002174776494
0.002245522042
0.002318724227
0.002394464713
0.002472824599
0.002553890294
0.002637755058
0.00272450464
0.002814238544
0.002907052438
0.003003049018
