475.4235147
338.3483515
286.831195
256.0213244
232.029692
212.0908143
195.4258937
181.827862
171.0189619
162.4329178
155.2669508
149.1293433
144.0058668
139.7233887
136.0729161
132.6501589
129.3660036
126.2059294
123.232698
120.5915668
118.180304
114.0464678
112.2646737
109.0104033
105.8015219
102.7752509
100.0063141
97.40125909
94.93652429
91.2450211
88.80639968
85.43779001
82.44049027
79.66549872
76.45409206
74.41624328
71.97039075
69.89079604
67.34678101
65.42218088
63.37534133
61.28741703
59.65357285
58.26646569
56.92163199
55.28367684
53.14710677
51.02781143
49.25553154
48.01653043
47.05533118
46.01383754
45.02528983
43.7774392
42.19936437
40.78622912
39.50994852
38.46488381
37.31505194
36.29792055
35.40425287
34.60423843
33.78935433
32.98781139
32.28003641
31.61950202
30.81990244
30.08154375
29.28800225
28.47091881
27.40184284
26.39710334
25.49477489
24.49132465
23.5530101
22.69979655
21.85631681
21.06021816
20.28748353
19.43943091
18.49266642
17.43241166
16.40559811
15.46283282
14.64548677
13.78482411
12.85577055
11.90686609
11.18429475
10.72930986
10.38283225
10.10537683
10.0009797
9.993786137
9.810311388
9.545991297
9.235048767
8.716410906
8.228238821
7.616269499
7.243648404
7.026670705
7.066954255
6.983985554
6.764430537
6.41527771
6.035717316
5.925134451
5.933809858
5.760368167
5.429657375
5.244320873
5.274839512
5.128594521
4.877491394
4.871471818
4.75034755
4.545234499
4.508804796
4.289483841
4.255737074
4.059820241
3.967073087
3.771347689
3.694896864
3.594769354
3.455535612
3.366137363
3.289487043
3.220914433
3.155520934
3.085768853
3.042855501
3.008687306
2.974881173
2.932819166
2.918987787
2.898661145
2.898200621
2.878465858
2.867245255
2.849566014
2.820528438
2.808528642
2.809703964
2.815692268
2.839079198
2.86043712
2.878564726
2.89571922
2.903089676
2.922974437
2.953983624
2.976939353
3.005015134
3.040290866
3.064913983
3.07087344
3.091579404
3.102368851
3.071031959
3.021448212
2.959417028
2.901309451
2.843001292
2.716995468
2.503638509
2.285458659
2.086183822
1.83818022
1.662622639
1.581641707
1.527260436
1.517346524
