631.0622021
437.7724754
355.1085037
306.5185522
273.6126853
249.4403277
230.7165805
215.6609277
203.2135831
192.6991594
183.6641911
175.7914055
168.8512784
162.6731113
157.1269669
152.1119526
147.5483731
143.3723284
135.9844276
132.6944552
129.6322699
126.7727448
121.5790715
116.9755264
114.8615561
110.9561493
107.4238076
104.2086844
101.2659776
98.55927082
94.87761834
91.57995463
89.56342302
86.77377525
84.22955704
81.16121416
79.0680429
76.51355538
74.19168238
71.56636966
69.65564275
67.46946466
65.47702609
63.30415704
61.33421373
59.53746074
57.62841544
55.89201186
54.30370907
52.64447128
50.94822962
49.40611202
47.84679423
46.42644763
45.00144031
43.58738976
42.19658733
40.93106352
39.68803045
38.47443658
37.22523772
36.09048324
34.99548397
33.94153233
32.88085466
31.87007469
30.86741477
29.91776708
29.0178769
28.10440122
27.24508751
26.41053339
25.60323686
24.82479552
24.05729498
23.32316773
22.60623117
21.90974969
21.23601036
20.58650001
19.96206342
19.35335673
18.76293086
18.1845566
17.63606746
17.10267989
16.5803986
16.08312631
15.60014701
15.12874487
14.67951529
14.2408435
13.81850134
13.41329552
13.02015087
12.64324789
12.27854335
11.92750722
11.58931164
11.26678672
10.9557435
10.65758277
10.37328282
10.10132305
9.842743422
9.596523523
9.363649238
9.143428315
8.936726421
8.742538203
8.561772958
8.394238369
8.239925369
8.099244182
7.972261213
7.859316745
7.760140652
7.675289514
7.604735569
7.548545764
7.50683671
7.479789851
7.467400727
7.469676519
7.486611166
7.518224403
7.56436842
7.625039699
7.700136594
7.789429402
7.892942368
8.010363347
8.141671071
8.28664682
8.445126877
8.617014717
8.802187188
9.000590521
9.211944209
9.436332812
9.673710643
9.92399943
10.18718463
10.46331079
10.75247548
11.05473247
11.37018213
11.69896523
12.04125665
12.39717697
12.76695751
13.15092499
13.54918147
13.96222452
14.39017063
14.83343463
15.29241431
15.76742242
16.25895327
16.76734075
17.29308148
17.83669039
18.39869396
18.97951285
19.57985186
20.20018262
20.84112896
21.50334219
22.18754042
22.89435428
23.62451541
