0.004992906209
0.009985812418
0.01497871863
0.01997162484
0.02496453104
0.02995743725
0.03495034346
0.03994324967
0.04493615588
0.04992906209
0.0549219683
0.05991487451
0.06490778071
0.06990068692
0.07489359313
0.07988649934
0.08487940555
0.08987231176
0.09486521797
0.09985812418
0.1048510304
0.1148368428
0.119829749
0.1298155614
0.1398013738
0.1497871863
0.1597729987
0.1697588111
0.1797446235
0.1947233421
0.2047091546
0.2196878732
0.2346665918
0.2496453104
0.2696169353
0.2845956539
0.3045672787
0.3245389036
0.3495034346
0.3694750595
0.3944395905
0.4243970277
0.454354465
0.4843119023
0.5142693395
0.549219683
0.5891629326
0.6291061823
0.669049432
0.7189784941
0.7639146499
0.8188366182
0.8737585865
0.933673461
0.9985812418
1.063489022
1.138382616
1.213276209
1.298155614
1.388027926
1.482893144
1.582751268
1.692595205
1.807432048
1.932254703
2.062070264
2.201871638
2.351658824
2.516424729
2.68618354
2.87092107
3.065644412
3.275346473
3.500027252
3.73968675
3.994324967
4.268934809
4.558523369
4.87307646
5.20260827
5.562097517
5.941558388
6.345983791
6.780366632
7.244706909
7.739004624
8.268252682
8.83744399
9.441585641
10.08567054
10.7746916
11.51364172
12.3025209
13.14132914
14.04005226
15.00368316
16.02722893
17.1256683
18.29400835
19.54722781
20.88532667
22.31329785
23.84112715
25.47380748
27.21633174
29.07369285
31.06586243
33.19284048
35.4596199
37.88617231
40.47749063
43.24855358
46.20934696
49.36985659
52.74506119
56.35493238
60.20945597
64.32860359
68.73234687
73.43566452
78.45852817
83.82590234
89.56275157
95.68904749
102.2347475
109.2298091
116.7041897
124.6878468
133.2157306
142.3327773
152.0689444
162.4741609
173.5883702
185.466494
198.1584616
211.714202
226.1986229
241.6766321
258.2081446
275.8780397
294.7512251
314.9175733
336.4619636
359.4842541
384.0793101
410.3569755
438.4320871
468.4294676
500.4789326
534.7202833
571.3083
610.3927698
652.1584303
696.7750402
744.4473086
795.3849378
849.8026226
907.9450154
970.0667544
1036.437457
1107.346711
1183.109069
1264.059058
1350.541186
1442.944901
1541.669636
1647.149772
1759.844659
1880.248592
2008.895813
2146.340535
2293.191893
2450.088977
2617.72081
