1038.557546
1557.504413
2037.094196
2439.483399
2766.622878
3028.025442
3232.459138
3387.203679
3499.458106
3577.099829
3627.666467
3657.438162
3671.166828
3672.533878
3664.58393
3649.812957
3630.332275
3608.019056
3584.626338
3561.694709
3540.407527
3505.30803
3491.409392
3467.79835
3445.281246
3420.989221
3394.65619
3366.698821
3337.461473
3291.118036
3258.272314
3205.325366
3146.348892
3083.215953
2999.984873
2940.719704
2865.670054
2792.975319
2708.687336
2646.975706
2573.685097
2489.392697
2410.307426
2339.779375
2277.315812
2208.325227
2136.635405
2075.820448
2020.463327
1947.104284
1886.064702
1820.8113
1758.611391
1695.491785
1629.080296
1569.501769
1512.917384
1467.435076
1427.624009
1393.288492
1374.002794
1361.772861
1356.108762
1357.010263
1361.048513
1363.784689
1363.49346
1357.406839
1349.15376
1348.095766
1355.944987
1357.820393
1353.678159
1347.813718
1341.585646
1335.703611
1327.692098
1318.133569
1305.205122
1286.329884
1261.169627
1228.933201
1194.416672
1158.749009
1121.919993
1079.051852
1034.731705
990.5574017
947.9766314
905.1002951
865.8170805
832.0412173
802.4869335
776.7592494
752.7667662
730.5746501
709.2823046
686.8305239
664.6371079
642.5433642
621.6030562
601.7341357
582.354363
563.3651192
545.0731257
527.4151985
510.4700811
493.7387901
477.9410762
462.2473849
446.9244171
432.6885408
418.9094829
405.5767093
392.7467124
380.4706702
368.407709
356.7803175
345.8633271
334.9331511
325.335123
315.1663854
305.2765933
295.6789235
286.4077169
277.4079179
268.6120094
260.0465406
251.7955044
243.8127712
236.1578921
228.7738316
221.6103376
214.7017715
208.0336222
201.6108257
195.5284907
189.6873197
184.0082147
178.5221885
173.1830222
167.9270099
162.8489467
157.9499978
153.2340007
148.6617718
144.2280255
139.783131
135.536594
131.4330032
127.5189924
123.8361921
120.3513021
118.8139832
117.2437864
115.6427098
114.4172844
113.3068775
112.3306063
111.5182653
110.613282
109.511974
108.4853056
106.3504546
103.2833838
100.4902918
97.36642679
93.71495322
89.99224458
84.35294836
79.08422342
72.25315084
65.19378654
59.69458969
