546.3537297
411.0950621
340.2438868
295.6629712
264.7176157
242.4276895
225.0602581
211.6112841
200.6418587
191.3489614
182.7890388
175.3044365
168.9526379
163.1623974
157.893259
153.2224527
149.0518957
145.1944076
141.5405238
138.1484887
134.9469264
129.1331085
126.372555
121.117577
116.8080929
113.1994736
109.856732
106.7773324
103.8945231
100.0951457
98.06839976
95.30797186
92.64580778
90.25873841
87.3076534
84.90076565
81.82771774
79.00151505
74.34890679
70.64149601
66.37385743
61.65322304
57.71670393
54.64484587
52.01563173
49.2776253
46.32867653
43.80478644
42.18341887
42.79360723
43.06879643
43.27713514
43.18349842
42.84810726
42.16299295
42.1850112
42.13900803
41.85909016
41.32941278
41.51556681
41.75735206
41.64258621
41.47277749
41.67108453
41.66196917
40.93268001
39.8263976
38.6679543
37.4110722
35.96348068
33.26960714
30.764538
28.3395941
25.27991093
22.47145081
20.11315998
18.35525389
17.04399915
16.56171407
15.85045212
15.52515698
14.85847188
14.99416252
15.46919371
16.23999774
16.27672748
15.43322034
13.84623151
12.41537054
11.72529055
11.46199119
11.39065285
11.88939012
12.26583923
11.39415105
10.44024148
10.16046992
10.11797568
10.48402217
9.751800287
9.183921366
9.079665163
9.37665656
8.669227746
8.436616384
8.631743044
8.00156097
7.978777803
7.856454051
7.609762753
7.581748479
7.322993295
7.269116326
7.223892968
7.038019786
7.07983811
7.051558157
6.929490167
6.883889866
6.842560068
6.843406019
6.842996068
6.869127827
6.891935017
6.948767163
6.995496769
7.026089236
7.096814115
7.162667452
7.273865971
7.411086505
7.578795903
7.766859121
7.963727794
8.182928305
8.379894918
8.57281599
8.781424267
9.005224013
9.265558662
9.522128821
9.750547892
9.949956918
10.15216017
10.33792523
10.49390807
10.62859115
10.75753857
10.89523066
11.00891387
11.11386978
11.27095947
11.390814
11.51085971
11.65592505
11.85847639
12.13487179
12.49942884
12.97488436
13.42693958
13.94210639
14.5454323
15.14799621
15.76918578
16.32790588
16.94039208
17.73534918
18.76771166
19.63208037
20.2490397
20.87809092
21.64276956
23.08822544
25.76239698
