0.007688867921
0.007222575864
0.006158868481
0.0054431075
0.004905633904
0.004487505744
0.004153749035
0.003883685647
0.003666593725
0.003484741307
0.003328341445
0.003193578461
0.003075884138
0.002972422214
0.002879375644
0.002792386137
0.002710659335
0.002634938654
0.002565324652
0.002501264381
0.002442309184
0.002336738751
0.002289869854
0.002204518563
0.002126362488
0.002055752989
0.001993007018
0.001935750004
0.001884133067
0.001813013626
0.001769812397
0.001711780478
0.001660322043
0.001612305846
0.001554948561
0.001516951388
0.001469860827
0.001427505465
0.001380260865
0.001345902718
0.001307583782
0.001266132701
0.001229738098
0.001197120958
0.001167802757
0.001136425628
0.00110421701
0.001075754419
0.001050519263
0.001022205545
0.0009996267383
0.0009746004633
0.0009512025032
0.0009276592521
0.0009043710561
0.0008832779512
0.0008618275091
0.0008425216711
0.0008228527006
0.000804630577
0.0007876195848
0.000772105453
0.0007574871208
0.0007444938277
0.0007324442281
0.0007216566938
0.0007115216248
0.000702619046
0.0006940861256
0.0006864397741
0.0006790440852
0.0006722555216
0.0006657952877
0.0006601617983
0.0006553210327
0.0006511890768
0.0006474659266
0.0006441451855
0.0006412586751
0.0006391148764
0.00063782856
0.0006376536487
0.0006387066115
0.0006405010428
0.0006427735984
0.0006456162485
0.0006489473791
0.0006528355651
0.0006574091955
0.0006626304428
0.000668093899
0.0006737710469
0.0006797201407
0.0006862471495
0.0006936595277
0.0007019791877
0.0007113246735
0.0007213461542
0.0007318748199
0.0007429758026
0.0007546018398
0.0007667940581
0.0007793902743
0.0007923368303
0.0008051817839
0.0008177730943
0.0008301963694
0.0008426276521
0.0008551835867
0.0008677902862
0.0008800120981
0.0008918552769
0.0009031217562
0.0009137618489
0.0009239045503
0.0009332801043
0.0009410188544
0.0009459888481
0.0009467140101
0.0009422475415
0.0009326481754
0.0009174387475
0.000896570808
0.0008694316604
0.0008378650307
0.000807796281
0.0007813833241
0.0007592219129
0.0007409019381
0.0007263172156
0.0007147140147
0.0007063196517
0.0007018339467
0.000700768281
0.000703769519
0.0007129505672
0.0007277339938
0.0007463416179
0.000767195062
0.0007902488085
0.0008153628818
0.0008414279891
0.0008669054968
0.0008936242193
0.0009213576133
0.000949597884
0.0009789773724
0.001011497205
0.001044437922
0.001076259348
0.001106337481
0.0011350021
0.001162868976
0.001189479618
0.00121485161
0.001239607638
0.00126518556
0.001290529041
0.001317195422
0.001348034178
0.00138264526
0.001428553273
0.001490960102
0.001571580648
0.001668102855
0.001781283949
0.001900890205
0.002020534765
0.002140631483
0.002267385965
0.002405089714
0.00255490664
0.002695966203
0.00281408841
