475.417952
338.3438921
286.8239142
256.0150801
232.0233404
212.0849724
195.4183623
181.8201489
171.0117558
162.4264578
155.2599782
149.122897
144.0000762
139.7187789
136.0690673
132.6471381
129.3634526
126.2039715
123.2312277
120.5907058
118.1800633
114.046492
112.2646547
109.0098955
105.8005776
102.774327
100.0051391
97.40011163
94.93515959
91.24355343
88.80492104
85.43639453
82.43870678
79.66385961
76.45294972
74.41503536
71.96868363
69.88878295
67.34404625
65.41911954
63.37153758
61.28225021
59.64763129
58.26028767
56.91461992
55.27622114
53.13898851
51.01902883
49.24615203
48.00650869
47.04515398
46.00443945
45.01768682
43.77075229
42.19346612
40.78109929
39.50546598
38.46082198
37.31077487
36.29374925
35.40081102
34.60112725
33.78645612
32.98549574
32.27880131
31.61892654
30.81952588
30.08089179
29.28775795
28.47147226
27.40242575
26.39799215
25.49633883
24.4933176
23.55492826
22.70171714
21.85758162
21.05672968
20.27868614
19.42712141
18.4794235
17.42224918
16.39415978
15.44715837
14.62604444
13.76589735
12.8373728
11.89283311
11.17576635
10.72344877
10.37991892
10.10259145
9.998650196
9.991457031
9.80726836
9.542202347
9.230438907
8.712976568
8.223860465
7.611312889
7.238658174
7.021438192
7.063122496
6.978525553
6.757078775
6.405987229
6.027230252
5.915719435
5.925437163
5.75427141
5.423691826
5.239764139
5.270799764
5.125410759
4.875231731
4.871781475
4.749009399
4.543687521
4.509124269
4.291096399
4.257447727
4.062086731
3.969652095
3.773532439
3.69657739
3.596322283
3.458177729
3.36745224
3.289981161
3.219955651
3.153902197
3.083447204
3.040582663
3.006007365
2.971170831
2.927967679
2.914061632
2.893951088
2.893464216
2.873201354
2.860992205
2.841767707
2.813356279
2.802017751
2.804178421
2.810994205
2.834225514
2.855071173
2.872605546
2.889270419
2.895915488
2.916662446
2.947314723
2.968237285
2.99728834
3.031932867
3.054694225
3.061717393
3.082616091
3.091887264
3.059828105
3.009910107
2.948135509
2.889862036
2.832387635
2.705417232
2.492503704
2.27522702
2.077704256
1.831018733
1.656200757
1.576118555
1.521216617
1.512116864
