0.008105354429
0.007901724203
0.006862934783
0.006066782307
0.005446196047
0.004957826115
0.004564172172
0.004251038376
0.004006482637
0.003802546654
0.003622469753
0.003467343681
0.003338049044
0.003229415434
0.003131886065
0.003038549828
0.002948538492
0.002863824965
0.002785696756
0.002715321777
0.002651648917
0.002538153623
0.002488083519
0.002395356359
0.002307726236
0.002229964258
0.002163502093
0.002103003474
0.002047385468
0.001969188153
0.001921003943
0.001858816415
0.001804354485
0.001753082596
0.001692994076
0.001654337584
0.001606460479
0.001563810877
0.001517185284
0.001483524958
0.001447130811
0.001407372576
0.001373480466
0.001343163929
0.00131652732
0.001288467141
0.001260179539
0.001235215175
0.001213614045
0.001189069116
0.001169416661
0.001148372655
0.001129949181
0.001112327991
0.001095263379
0.00108069186
0.001066102805
0.001053024555
0.001039853602
0.001027563267
0.001016595584
0.001006919304
0.0009981647873
0.0009902226792
0.0009830092098
0.0009767432231
0.0009714221068
0.0009673013483
0.0009641596513
0.0009623061188
0.0009609055563
0.0009598515845
0.0009592681202
0.0009592436695
0.0009596653776
0.0009607274628
0.0009628544241
0.0009660325652
0.0009705234982
0.0009764432652
0.0009840972448
0.0009931925807
0.001003322506
0.001014494904
0.001026780858
0.001039637063
0.001053115718
0.001067144987
0.001081577033
0.001096184666
0.001110367962
0.001124619732
0.001140071677
0.001156919856
0.001175033502
0.001194178045
0.001214641578
0.001236496218
0.001259586015
0.001283882431
0.001309631813
0.001336548942
0.001364099533
0.001391856715
0.001419469132
0.001446571624
0.001473644675
0.001500054043
0.001525285942
0.001549484775
0.001572690797
0.001594786906
0.00161608087
0.001637270876
0.001658640027
0.001679592939
0.001699182246
0.001716632298
0.001731177606
0.00174179681
0.001748513997
0.001750850406
0.001748187327
0.001739354112
0.001726886489
0.001716870987
0.001711565104
0.001712019968
0.001716369157
0.001723519274
0.001733862946
0.001748054808
0.00176633264
0.001787306466
0.001812628118
0.001848803501
0.001897843427
0.001959340507
0.002029444796
0.0021072137
0.002193175281
0.002283790168
0.002376286605
0.002469311879
0.002566372777
0.002667359676
0.002769356845
0.002865466136
0.002962018033
0.003056870896
0.003140649387
0.003226155335
0.003301700797
0.003353170039
0.003390705027
0.003396905756
0.003357762477
0.00331179853
0.003272770432
0.003235541898
0.003226900883
0.003214928719
0.00316060742
0.003108972444
0.003060606711
0.002956642862
0.002852286237
0.002787785862
0.002729084549
0.002655207712
0.002559910031
0.002382037145
0.00218374408
0.00196223026
