740.8982473
370.4492244
246.9662594
185.224809
148.1799644
123.4834229
105.8430547
92.61279468
82.32260695
74.09046983
67.35509682
61.74229694
56.99301487
52.92221111
49.39419003
46.30717989
43.58335526
41.16218525
38.99588229
37.04621636
35.28223933
32.21447085
30.87233063
28.49779064
26.46249025
24.69858166
23.15517899
21.79336953
20.58288783
18.99997739
18.07341301
16.84152796
15.76693245
14.82131458
13.72396891
13.00205823
12.15000122
11.40284989
10.58903764
10.01720706
9.383894828
8.722331097
8.148069847
7.64491147
7.200431021
6.743224007
6.28721031
5.889190774
5.538779826
5.155629638
4.85371897
4.529842004
4.246812224
3.976171406
3.719787637
3.494860584
3.267393114
3.068205295
2.870471901
2.687720256
2.519120512
2.363772966
2.214394149
2.077997195
1.948528514
1.830934974
1.720271744
1.616824977
1.517855485
1.429217146
1.345369
1.268688174
1.197142636
1.130923319
1.07006577
1.014491791
0.9631802152
0.9170355622
0.8745178287
0.8369492472
0.8026319075
0.7725844778
0.7462605756
0.7233233813
0.7037647166
0.6874956753
0.6742607409
0.6638876256
0.6563538984
0.6514318609
0.6489486835
0.6487664978
0.6507501333
0.6547362503
0.6606211674
0.6683064026
0.6776058564
0.6885151285
0.700851901
0.7146453223
0.7297742453
0.746175151
0.7638480215
0.7827397719
0.8028004658
0.8239835699
0.8464134867
0.8699874567
0.8946624456
0.9205564621
0.9476220232
0.9759150107
1.005435495
1.036181866
1.068197909
1.101567109
1.136274037
1.172389566
1.209975648
1.249045202
1.28964811
1.331866416
1.375772242
1.421392194
1.468820467
1.518140535
1.569426446
1.622744069
1.678184312
1.735891225
1.795903338
1.858374405
1.923386167
1.991098099
2.061628547
2.135086821
2.211653019
2.291493802
2.374739665
2.461635437
2.552314603
2.647021225
2.745962729
2.849403622
2.957573716
3.070758061
3.189251017
3.313377255
3.443470361
3.579893387
3.723057355
3.873342855
4.031254359
4.197228047
4.371820824
4.555596263
4.749126611
4.953081636
5.168156068
5.395087714
5.634674379
5.887789809
6.155366051
6.438360906
6.737872329
7.055023208
7.391042518
7.747232555
8.125000357
8.525872463
8.951432308
9.403428638
9.883697433
10.39422311
