20.04748302
14.1401961
11.53696026
9.988429775
8.932952531
8.154476897
7.549821639
7.062665884
6.659316957
6.318220756
6.024862117
5.769060818
5.543437573
5.342495257
5.162043516
4.998824717
4.850262957
4.714290965
4.589227862
4.473691009
4.366531252
4.173635358
4.086388396
3.927294999
3.785624671
3.658419745
3.543380744
3.438689303
3.342886042
3.213309593
3.13498286
3.027716946
2.930950577
2.843082409
2.737591869
2.665923939
2.578782128
2.499879171
2.411010971
2.346562764
2.273063056
2.193669095
2.122358744
2.057859988
1.999164376
1.936947195
1.872852049
1.815076809
1.76266207
1.703527394
1.655463573
1.602324725
1.554426113
1.50722808
1.461140713
1.419505634
1.37615402
1.337072634
1.297151402
1.25917192
1.223131656
1.189002473
1.155283218
1.123661609
1.092853978
1.06415385
1.036476016
1.009976219
0.9840187909
0.9602375739
0.9372500655
0.9157863948
0.8953611237
0.8760981189
0.8580800904
0.8413562806
0.8256839017
0.8114026711
0.7980956107
0.7862341248
0.7753383376
0.7657850224
0.7574533764
0.750288797
0.7443407179
0.739630628
0.7361311462
0.7338456911
0.7328050083
0.7329886397
0.7343959779
0.7370389642
0.7409089136
0.7459784644
0.7522806119
0.7598273884
0.7685409501
0.7785058865
0.7896305993
0.8020059882
0.8155780642
0.8303361807
0.8463190051
0.863510469
0.8818905146
0.9014358302
0.9222766532
0.9443289913
0.9675589234
0.9920811557
1.017851834
1.044922479
1.073289282
1.102944474
1.133922189
1.166293721
1.200033022
1.235196321
1.271829902
1.309930825
1.349530707
1.390691053
1.433462045
1.477847813
1.523916434
1.571723397
1.621312745
1.672718214
1.725995082
1.78124644
1.838470933
1.897773773
1.959187557
2.022814061
2.088711243
2.156923796
2.227556616
2.300695439
2.376386377
2.454772174
2.535886702
2.619854866
2.706759261
2.796722559
2.889826207
2.986187982
3.085920837
3.189149687
3.295992349
3.406575642
3.521048572
3.639518457
3.762171896
3.889122028
4.020554216
4.156635551
4.297516577
4.443394638
4.594458205
4.750898849
4.912921174
5.080750974
5.254620701
5.434747148
5.621402597
5.81483855
6.01533479
6.223176572
6.438670912
6.662151572
6.89394165
7.134411227
7.383931488
7.642904929
