549.981423
415.5308297
344.8405898
299.3460149
267.0193918
243.7555224
225.9316096
212.1909335
201.0658592
191.7528637
183.2080734
175.7003682
169.310489
163.4785938
158.2426719
153.5881177
149.4594942
145.6614318
138.6452783
135.4407952
132.4526086
129.6788744
124.3145746
119.4158127
117.4301109
113.7924593
110.517767
107.4964562
104.6747237
102.1007329
98.96432544
96.2387779
94.47574957
92.04748052
89.9141415
86.86197151
84.58431253
81.66212168
78.59827579
73.69224231
70.15709683
65.9628938
62.1975537
58.36162197
55.39326459
52.805391
50.08383529
47.4989177
45.26106876
43.25644643
43.72854812
44.02774762
44.21623394
44.19935539
43.95004918
43.34516636
43.08119171
43.00357751
42.91218484
42.56930416
42.16099442
42.59928711
42.81399139
42.69886327
42.61111863
42.79671518
42.77868424
42.07328708
41.02035044
39.88758123
38.62536271
37.50224636
34.84177676
32.37554724
29.82070996
27.14468771
24.00866569
21.49289236
19.42236447
17.79407509
16.5726936
16.34062323
15.5454939
15.33614612
14.65516424
14.81137488
15.30556967
16.07782781
16.24578302
15.60522294
14.17037777
12.40414819
11.35670368
10.98450991
10.7712801
11.03146529
11.77864741
11.68072577
10.55765615
9.794961867
9.59736236
9.669108506
10.04413946
9.181853145
8.635748541
8.540874698
8.914794594
8.210230354
7.89323026
8.052318323
7.535083939
7.255828605
7.497435168
7.033850954
7.114582912
6.747496279
6.857133953
6.661212347
6.853001706
6.70541884
6.836111065
7.045124963
7.073257472
7.211546219
7.369273001
7.576357163
7.774471033
7.960895709
8.121575931
8.273239113
8.424091262
8.602295233
8.681660446
8.783735921
8.870802276
8.981815681
9.101812223
9.246055055
9.440961263
9.683492062
9.974509425
10.29962249
10.67125578
11.09981367
11.54992229
12.00767751
12.48089136
12.97137763
13.46252203
13.93703659
14.35494671
14.63492995
14.78963042
14.91173178
15.04306652
15.19094472
15.30647095
15.45086046
15.65618487
15.90258923
16.17146799
16.51907403
16.98083979
17.5559593
18.18890998
18.77442488
19.40931824
20.10756408
20.83917663
21.64841315
22.6316278
