0.004992769298
0.009985538596
0.01497830789
0.01997107719
0.02496384649
0.02995661579
0.03494938509
0.03994215438
0.04493492368
0.04992769298
0.05492046228
0.05991323158
0.06490600087
0.06989877017
0.07489153947
0.07988430877
0.08487707807
0.08986984736
0.09985538596
0.1048481553
0.1098409246
0.1148336939
0.1248192325
0.134804771
0.1397975403
0.1497830789
0.1597686175
0.1697541561
0.1797396947
0.1897252333
0.2047035412
0.2196818491
0.2296673877
0.2446456956
0.2596240035
0.2795950807
0.2945733886
0.3145444658
0.334515543
0.3594793895
0.3794504666
0.4044143131
0.4293781596
0.4593347754
0.4892913912
0.519248007
0.5541973921
0.5891467772
0.6240961623
0.6640383166
0.7089732403
0.753908164
0.803835857
0.85376355
0.9086840122
0.9685972438
1.033503245
1.098409246
1.168308016
1.243199555
1.328076633
1.412953711
1.502823559
1.597686175
1.702534331
1.812375255
1.932201718
2.057020951
2.186832953
2.331623262
2.481406341
2.641174959
2.810929115
2.99066881
3.185386812
3.390090353
3.609772202
3.844432359
4.094070824
4.358687597
4.638282678
4.937848836
5.257386071
5.601887152
5.961366542
6.345809778
6.76020963
7.194580558
7.658908103
8.158185033
8.682425809
9.24660874
9.845741056
10.47982276
11.15883938
11.87779816
12.64668463
13.4654988
14.33923342
15.26289574
16.25146407
17.30493839
18.42331871
19.61659057
20.88475397
22.23779445
23.67571201
25.20849219
26.83613498
28.57361869
30.42094333
32.38809444
34.48505754
36.71682542
39.0933836
41.61972487
44.31582029
47.18166987
50.23225191
53.48254472
56.94752661
60.63219036
64.55151425
68.73046216
73.17402683
77.9121649
82.94986912
88.31709611
94.03381696
100.11501
106.5956245
113.4906389
120.8350026
128.6536793
136.9766257
145.8387912
155.2751252
165.3255698
176.0200816
187.4085884
199.536025
212.4473264
226.1924203
240.8262271
256.4086601
272.9996324
290.6640502
309.4718122
329.4978098
350.8169347
373.514064
397.6840601
423.4118003
450.8121182
479.9798765
511.0349015
544.1020126
579.3060289
616.7917408
656.6989458
699.1874125
744.4268951
792.5971333
843.8778667
898.4837846
956.6195903
1018.514951
1084.414513
1154.582893
1229.2897
1308.829508
