0.008198687875
0.007566024142
0.006414285273
0.005654857473
0.005088750503
0.004654143217
0.004316165742
0.004042723084
0.003817147124
0.003626850169
0.003463682462
0.003321891563
0.00319741515
0.003086845703
0.00298734208
0.00289704564
0.002813763288
0.002737697866
0.002666505113
0.002600332502
0.002539781892
0.002432136348
0.002384197923
0.002295819022
0.002215943261
0.002144040165
0.002078645269
0.002018815739
0.001964257353
0.001890723658
0.00184601561
0.001785169841
0.001730619637
0.001680482944
0.001619996516
0.001579463146
0.001530221358
0.001486135591
0.001436961332
0.001401413039
0.001360886205
0.001315968698
0.001276317234
0.001240868024
0.001209300427
0.001176234794
0.001142380611
0.001112096012
0.001084877398
0.001053983696
0.001028855415
0.001001625881
0.000977398958
0.0009531966658
0.0009296104747
0.0009083031903
0.0008863263059
0.0008664882642
0.0008465754209
0.0008275918092
0.0008097987531
0.0007935780463
0.0007778023247
0.0007631284766
0.0007489582059
0.0007357537699
0.0007226783278
0.0007095597454
0.0006965003503
0.000684154479
0.0006723932117
0.0006611573765
0.0006506540884
0.0006402689226
0.0006306731563
0.0006223741084
0.0006149717671
0.000608785426
0.0006032684057
0.0005987917339
0.0005949527891
0.0005919753247
0.0005896744844
0.000587976114
0.00058692779
0.0005860392979
0.0005849958287
0.000584255951
0.0005841023503
0.0005845070516
0.0005854847292
0.0005867879607
0.0005882098864
0.0005898791987
0.0005921933361
0.0005951080042
0.0005987634364
0.0006032199528
0.0006078123577
0.0006125240247
0.0006174776139
0.0006228348695
0.0006285717055
0.0006350080125
0.0006417294201
0.000648838306
0.0006564705435
0.0006641726363
0.0006723990501
0.0006812934155
0.0006906793394
0.0007003829645
0.0007102164291
0.0007199704109
0.0007298552722
0.0007400317972
0.0007503080757
0.0007613192878
0.000773074224
0.0007855316768
0.0007989572574
0.0008133591108
0.0008286417877
0.0008444655204
0.0008602862358
0.0008754125629
0.0008894020554
0.0009023526783
0.0009141955906
0.0009251140793
0.0009348252787
0.0009434477574
0.0009516375583
0.0009600929332
0.0009693056968
0.0009791189299
0.0009892455553
0.0009996774672
0.00101100105
0.001023354932
0.001035529299
0.001047514212
0.001059130017
0.001069976083
0.001080413823
0.00109025641
0.001099382142
0.00110731076
0.001114872584
0.001118964603
0.001119510475
0.001116389888
0.001112746726
0.001116152316
0.001125113862
0.001139174491
0.001156713845
0.001174413193
0.001190064178
0.001202635214
0.001210454858
0.001208399313
0.001184946676
0.001133740045
0.001056155881
0.000972398765
0.0008907272107
0.0008168440131
0.0007441442233
0.0006692344877
0.0006041928818
0.0005485463664
0.0005516603933
0.0005961774759
