0.008083673888
0.007565333662
0.006216653417
0.00544409752
0.004922896695
0.004494461169
0.004164464288
0.003906114961
0.003698953479
0.003513381017
0.003353317646
0.0032180531
0.003093918371
0.0029842682
0.002890768239
0.002802740166
0.002718209748
0.002642099094
0.002507800059
0.002448847628
0.00239552663
0.002344306369
0.002251963806
0.002169619287
0.002131496847
0.002060881297
0.001997453599
0.001938896929
0.001885316618
0.001835616029
0.001766921778
0.001705465887
0.001668077636
0.001615565641
0.001566807529
0.001509011047
0.001469937106
0.001422276352
0.001379751287
0.001331325781
0.001296443033
0.001256884905
0.001220563091
0.001181489438
0.001145788548
0.001113460943
0.001079061845
0.001047681791
0.00101905094
0.0009891494213
0.0009591180869
0.0009322237142
0.0009052314228
0.0008809840789
0.0008567988358
0.0008333537943
0.0008102882792
0.0007895125792
0.0007688371194
0.0007487115285
0.0007282431968
0.0007091508726
0.0006902551481
0.000671959247
0.0006533652563
0.0006358771692
0.0006188585765
0.0006031967934
0.000588806699
0.0005741605409
0.0005608118356
0.0005481436545
0.0005359153931
0.0005246329827
0.0005141161821
0.0005044654674
0.0004947199188
0.0004847062633
0.0004747490388
0.0004645776893
0.0004550415294
0.0004454043608
0.0004355374054
0.0004257866477
0.000416519769
0.0004074962876
0.000398820326
0.0003909663967
0.0003838295195
0.0003775354211
0.000372309183
0.0003678546741
0.0003638183277
0.0003600663121
0.0003568498668
0.0003540959143
0.0003516216437
0.0003494337577
0.0003477348454
0.0003464528533
0.0003451152315
0.0003437446881
0.0003426095082
0.0003421638481
0.0003427876914
0.000343965382
0.0003455335313
0.0003470682636
0.0003487916177
0.0003505849839
0.0003523296263
0.0003542551915
0.0003566667417
0.000359583155
0.0003629112278
0.0003668309911
0.0003714857811
0.0003771856363
0.0003845052824
0.0003934037861
0.0004042121486
0.0004165905033
0.0004303528112
0.0004457178325
0.0004627104256
0.0004814658845
0.000501964906
0.0005242747014
0.0005484077964
0.0005740257477
0.0006013204653
0.0006301815089
0.0006610181105
0.0006942173285
0.0007298637232
0.0007680498264
0.0008085630225
0.000851428872
0.000897002833
0.0009457052759
0.0009977439579
0.001053724459
0.001114199547
0.001178726572
0.00124728402
0.00131968615
0.00139602257
0.00147683895
0.001562319076
0.001651770914
0.001745282942
0.001844054198
0.00194831739
0.002057904436
0.002173088426
0.002292912495
0.002416340989
0.002542018378
0.0026667956
0.002787786525
0.002903892027
0.003010852087
0.003101055418
0.003174315432
0.003235325612
0.003286163054
0.003329543474
0.003380111602
0.00345225221
0.003564777395
0.003739080059
