0.008198635724
0.00756570014
0.006414013382
0.005654647879
0.005088579772
0.004653950473
0.004315973606
0.004042537397
0.003816937166
0.003626619261
0.003463475927
0.003321726697
0.00319728
0.00308674921
0.002987287348
0.002897016432
0.002813760317
0.002737716464
0.002666541643
0.002600371604
0.002539818654
0.002432169258
0.002384228852
0.002295866664
0.002215991695
0.00214408015
0.002078679293
0.002018850823
0.001964302546
0.001890762065
0.001846047259
0.00178518666
0.001730639602
0.001680499998
0.001620000656
0.001579465021
0.001530223965
0.001486149544
0.001437003767
0.001401484271
0.001361005599
0.001316135945
0.001276513414
0.001241077594
0.001209519145
0.001176451838
0.001142574425
0.001112243635
0.001084976815
0.001054035455
0.001028879847
0.00100162961
0.0009773784343
0.0009531412678
0.0009295536246
0.0009082514968
0.000886283959
0.0008664614159
0.0008465861354
0.0008276277124
0.0008098344756
0.0007936100554
0.0007778514969
0.0007631747296
0.0007490019455
0.0007357786828
0.0007226965851
0.0007095802204
0.0006965142535
0.0006841660639
0.0006724110424
0.0006611873583
0.0006506886312
0.0006403204189
0.0006307454669
0.0006224604113
0.0006150614132
0.0006088812506
0.0006033654037
0.0005988525519
0.0005949574033
0.0005919083807
0.0005895091976
0.0005877615786
0.0005867344429
0.0005858987742
0.0005849040936
0.0005842122371
0.0005840993981
0.0005845195728
0.0005855088587
0.0005868364338
0.0005883301039
0.0005900691594
0.0005924238557
0.0005953579643
0.0005989519271
0.0006033648983
0.0006079461759
0.0006125420741
0.0006174736874
0.0006228779797
0.0006286547032
0.0006350310305
0.0006417833653
0.0006488984363
0.000656552982
0.0006642778273
0.0006724342768
0.0006813247176
0.0006906997564
0.0007003893845
0.0007101926338
0.0007199228192
0.000729801463
0.0007399825456
0.0007502467923
0.0007612512485
0.0007730019413
0.0007854460386
0.000798869589
0.0008132796744
0.0008285700874
0.0008443935578
0.0008602075617
0.0008752908947
0.0008892634671
0.000902245015
0.0009141019382
0.0009250199805
0.0009347406941
0.0009433199985
0.0009515003151
0.0009599791018
0.0009692174132
0.0009790494253
0.0009891725064
0.0009996449023
0.001010984154
0.001023345767
0.001035533863
0.001047539151
0.001059143864
0.001069970256
0.001080370105
0.001090162301
0.001099262051
0.00110721244
0.001114769613
0.001118991824
0.00111962373
0.001116644999
0.001112917586
0.00111623585
0.001125161082
0.001139062778
0.00115658978
0.001174310824
0.001189955966
0.001202515367
0.00121038029
0.001208497297
0.001185434574
0.001134585472
0.001057129475
0.0009733163932
0.0008914865509
0.0008175594495
0.0007450455712
0.0006700279929
0.0006049598787
0.0005492945216
0.0005521821766
0.0005963738536
