546.618739
386.3832869
315.4441509
273.1669416
244.3195765
223.0271987
206.47977
193.1418611
182.0942498
172.7485496
164.7083449
157.6955063
151.5083657
145.9966527
141.0457926
136.5666963
132.4889054
128.7558654
125.3215856
122.1482302
119.2043491
113.9035241
111.5052209
107.1306561
103.233625
99.73312609
96.56617444
93.68295664
91.04348852
87.47180196
85.31171233
82.35209086
79.68057978
77.2532772
74.33712633
72.35454443
69.94217937
67.75608138
65.29156698
63.50255622
61.46031075
59.25163699
57.26518625
55.46603178
53.82647844
52.08589747
50.28954552
48.66712498
47.19226677
45.52446631
44.1654849
42.65893518
41.2967765
39.95010625
38.63026023
37.43318201
36.18125882
35.04713633
33.8824045
32.76755709
31.70254672
30.68661678
29.67465847
28.71696877
27.77444519
26.88649704
26.01950557
25.17779492
24.34017851
23.55912726
22.78918696
22.05422399
21.33724864
20.64176779
19.97017031
19.32394177
18.69292851
18.09031143
17.49764801
16.93539479
16.37999738
15.8493753
15.33714402
14.83890861
14.35673788
13.89198971
13.44140665
13.00280978
12.58146402
12.17472512
11.78073937
11.39825382
11.02869105
10.67295661
10.32789567
9.993061738
9.671172752
9.358521979
9.057561085
8.765413233
8.483190407
8.210699262
7.946953242
7.692032404
7.445973726
7.208771168
6.978732467
6.756741199
6.542917597
6.336088968
6.136581478
5.943939027
5.75815838
5.579232367
5.406901863
5.240771794
5.080984635
4.927277586
4.77948482
4.637652806
4.501689498
4.3714281
4.246776261
4.127786043
4.014342143
3.90639361
3.803934585
3.70698913
3.615549077
3.529551304
3.449113238
3.374202046
3.304897171
3.241206049
3.183196845
3.130947016
3.084489297
3.043880106
3.00919389
2.980457745
2.957739615
2.941067352
2.930473759
2.92597655
2.927585962
2.935298205
2.949098771
2.968963856
2.994858024
3.026737615
3.064557944
3.108253518
3.157782332
3.213071092
3.274074505
3.340740684
3.413010086
3.490848874
3.574222668
3.663102599
3.757471398
3.857328988
3.962684374
4.073541483
4.189942513
4.311920902
4.439531054
4.572833501
4.711904539
4.856838812
5.007724129
5.164677909
5.327816358
5.497273053
