0.01712607243
0.01016556699
0.00770800756
0.006409946948
0.005590670811
0.005018561085
0.00459216725
0.004259626864
0.003991483736
0.003769675433
0.003582460618
0.003421848032
0.003282192989
0.003159384292
0.003050349671
0.002952742477
0.00286473622
0.002784885782
0.002712031216
0.002645229545
0.00258370543
0.002474017945
0.002424858368
0.002335951912
0.002257594125
0.002187903019
0.002125432366
0.002069050391
0.002017857263
0.001949247098
0.001908135603
0.001852293388
0.001802388189
0.001757474519
0.001704081132
0.001668149434
0.001624850058
0.001586030072
0.001542767792
0.001511713212
0.001476641129
0.001439188385
0.001405951353
0.001376234224
0.001349489539
0.001321465817
0.001292963699
0.001267607399
0.001244892034
0.001219609277
0.001199341337
0.001177240599
0.00115760766
0.00113854071
0.001120200358
0.001103876965
0.001087137071
0.001072278089
0.001057334448
0.001043344549
0.001030279401
0.001018100787
0.001006257716
0.0009953256157
0.0009848396327
0.0009752188804
0.0009660767801
0.0009574489012
0.0009491153878
0.0009415811175
0.0009343870202
0.0009277449082
0.0009214867268
0.0009156346035
0.0009101972564
0.0009051733005
0.000900474462
0.000896187894
0.0008921740498
0.0008885618756
0.0008851921541
0.0008821685804
0.0008794433852
0.0008769877658
0.0008748078774
0.0008729037077
0.0008712568867
0.0008698580737
0.0008687205137
0.0008678314411
0.0008671843832
0.0008667773638
0.0008666118262
0.0008666857446
0.0008669992736
0.0008675559805
0.000868351757
0.0008693971528
0.0008706865183
0.0008722351348
0.0008740423866
0.0008761129722
0.0008784594935
0.0008810876697
0.0008840028111
0.0008872098341
0.0008907401226
0.000894590299
0.0008987647868
0.0009032955344
0.000908186631
0.0009134603619
0.0009191290604
0.0009252043144
0.0009317065511
0.0009386650034
0.0009460886644
0.0009540046427
0.000962438731
0.0009714057448
0.0009809285551
0.0009910377458
0.00100176187
0.001013118113
0.001025140021
0.001037858501
0.001051301725
0.001065495079
0.001080469853
0.001096271267
0.00111291489
0.00113044692
0.001148892394
0.001168296964
0.001188693169
0.001210109004
0.001232591101
0.00125618017
0.00128090376
0.001306820704
0.00133395379
0.001362355578
0.001392064186
0.001423131031
0.00145559294
0.0014894988
0.001524895379
0.001561833195
0.001600359687
0.001640524896
0.00168238633
0.001725985539
0.001771392469
0.00181864918
0.001867823643
0.001918976206
0.001972159942
0.002027444457
0.002084894877
0.002144576206
0.002206556992
0.002270912363
0.002337718338
0.002407043059
0.00247897398
0.002553588339
0.002630971823
0.002711209538
0.00279439203
0.002880616913
0.002969974102
0.003062567699
0.003158497901
0.003257872204
