610.4947348
429.1688363
349.7300124
302.5797776
270.4781996
246.8167858
228.4458986
213.6486361
201.3988811
191.0406669
182.13249
174.3648369
167.513432
161.4112521
155.9310098
150.9737707
146.4613184
142.3308902
138.5314611
135.0210642
131.7648231
125.9022927
123.2501591
118.4130877
114.1045615
110.2348552
106.7342146
103.5474829
100.6303938
96.68339216
94.29652
91.02642434
88.07491414
85.39341889
82.1721549
79.9823131
77.31795629
74.90369657
72.18219432
70.20679541
67.95195326
65.51357932
63.32074898
61.33485696
59.52529345
57.60440765
55.62218446
53.83208901
52.20498433
50.36524283
48.86634798
47.20491043
45.70292507
44.21824007
42.76336405
41.44403802
40.06451565
38.81504352
37.53211516
36.30441368
35.13187865
34.01366714
32.90013805
31.84664281
30.81016808
29.83405031
28.88132707
27.95676153
27.03710628
26.17997256
25.33547342
24.52979752
23.74432525
22.98291631
22.24819737
21.5417992
20.85263915
20.19512341
19.54914875
18.93702568
18.33313135
17.75698091
17.20164667
16.66239333
16.14149608
15.64044752
15.15576686
14.68516197
14.23432146
13.80044241
13.38159358
12.97650649
12.58675144
12.21333041
11.85299351
11.50536608
11.17334066
10.85317405
10.54746789
10.25339648
9.972198174
9.703784352
9.447304211
9.202970838
8.970948637
8.751352406
8.54277349
8.346187936
8.161836404
7.988866017
7.827726791
7.678220083
7.540517498
7.414767618
7.300932132
7.198908496
7.10893147
7.030978593
6.965093587
6.911400879
6.869936123
6.840708363
6.823750933
6.819094588
6.82673402
6.846668603
6.878882424
6.923330542
6.979966023
7.048796236
7.129693921
7.222660409
7.327588163
7.444480799
7.573269415
7.713852161
7.866252176
8.030464546
8.206398888
8.394196845
8.593752601
8.805188077
9.028532519
9.263928364
9.51142159
9.771163197
10.04330208
10.32802965
10.62552698
10.93600815
11.25975757
11.59694834
11.94798476
12.3130666
12.69260454
13.08696028
13.49644917
13.92152314
14.36260825
14.82013803
15.29458134
15.78646508
16.29633041
16.82466577
17.37211409
17.93924759
18.52670992
19.13514758
19.7652557
20.41779047
21.09345765
21.79307856
22.51745361
23.26744753
