0.02107693352
0.011970536
0.008839593798
0.007221712976
0.006218645633
0.005528366777
0.005020104289
0.004627728067
0.004314054751
0.004056494324
0.003840487125
0.003656201128
0.003496741313
0.003357119064
0.003233629193
0.003123457595
0.003024425397
0.002934817044
0.002853261736
0.002778649771
0.00271007231
0.002588136156
0.002533619733
0.002435227835
0.002348719653
0.002271938049
0.002203232957
0.002141318401
0.002085175735
0.00201003633
0.001965066416
0.001904043627
0.001849563435
0.001800573042
0.001742378886
0.00170324179
0.001656104094
0.00161386323
0.001566808749
0.001533043782
0.001494921368
0.001454222933
0.001418115412
0.001385839979
0.001356800254
0.001326380597
0.001295453251
0.001267952148
0.001243328701
0.001215941743
0.001194006396
0.001170113375
0.001148917603
0.00112836704
0.001108640311
0.001091125625
0.001073216774
0.001057376232
0.001041512107
0.001026736039
0.001013018916
0.001000321175
0.0009880746454
0.0009768795324
0.0009662630213
0.0009566514718
0.0009476586677
0.0009393259298
0.0009314526431
0.000924517032
0.000918094391
0.0009123785063
0.0009072258286
0.0009026613544
0.0008986947477
0.0008953240268
0.0008924937848
0.0008902562785
0.0008885420437
0.0008874052835
0.0008867974354
0.0008867436896
0.0008872311744
0.0008882672785
0.0008898541382
0.0008919865549
0.0008946810893
0.0008979629139
0.0009017967028
0.0009062023538
0.0009112050776
0.0009168332215
0.0009230764408
0.00092992015
0.0009374310417
0.0009456364672
0.0009544758183
0.0009640587207
0.000974320333
0.0009853687266
0.0009971784629
0.001009765687
0.001023188065
0.001037456417
0.001052578887
0.001068561082
0.001085533152
0.001103449815
0.001122306462
0.001142218357
0.001163171333
0.001185227999
0.001208405224
0.001232715624
0.001258205188
0.001284949974
0.001312944952
0.001342252248
0.001372925268
0.001404975384
0.001438441922
0.001473388857
0.001509870148
0.001547899691
0.0015875453
0.001628863615
0.00167190084
0.001716693523
0.001763296292
0.001811805314
0.001862224625
0.001914651389
0.001969118271
0.002025718728
0.002084506942
0.002145524597
0.002208866688
0.002274610721
0.002342798001
0.002413556343
0.002486914849
0.002562984209
0.002641836263
0.002723578541
0.002808280428
0.002896043533
0.002986964251
0.003081148968
0.003178696594
0.003279713137
0.00338432367
0.003492613825
0.003604740225
0.003720790716
0.003840917376
0.003965253591
0.00409391545
0.004227059389
0.004364831064
0.004507376025
0.004654848487
0.004807418378
0.004965257708
0.005128519973
0.005297404219
0.005472085387
0.00565275822
0.005839616044
0.0060328648
0.006232726703
0.006439406009
0.006653139699
0.006874155565
0.007102698087
