0.004992458303
0.009984916606
0.01497737491
0.01996983321
0.02496229152
0.02995474982
0.03494720812
0.03993966642
0.04493212473
0.04992458303
0.05491704133
0.05990949964
0.06490195794
0.06989441624
0.07488687455
0.07987933285
0.08487179115
0.08986424946
0.09485670776
0.09984916606
0.1048416244
0.114826541
0.1198189993
0.1298039159
0.1397888325
0.1497737491
0.1597586657
0.1697435823
0.1797284989
0.1947058738
0.2046907904
0.2196681653
0.2346455402
0.2496229152
0.2695927484
0.2845701233
0.3045399565
0.3245097897
0.3494720812
0.3694419144
0.3944042059
0.4243589558
0.4543137056
0.4842684554
0.5142232052
0.5491704133
0.5891100798
0.6290497462
0.6689894126
0.7189139956
0.7638461204
0.8187631617
0.873680203
0.9335897027
0.9984916606
1.063393619
1.138280493
1.213167368
1.298039159
1.387903408
1.482760116
1.582609282
1.692443365
1.807269906
1.932081363
2.061885279
2.201674112
2.351447861
2.516198985
2.685942567
2.870663524
3.065369398
3.275052647
3.49971327
3.739351269
3.993966642
4.268551849
4.558114431
4.872639304
5.202141552
5.56159855
5.941025381
6.345414503
6.779758376
7.244056998
7.73831037
8.26751095
8.836651196
9.440738651
10.08476577
10.77372502
11.51260885
12.30141726
13.14015025
14.03879275
15.0023372
16.02579115
17.12413198
18.29236722
19.54547426
20.88345308
22.31129616
23.8389884
25.47152226
27.21389021
29.0710847
31.06307556
33.1898628
35.45643887
37.8827736
40.47385946
43.24467382
46.2052016
49.3654277
52.74032951
56.34987687
60.20405468
64.32283278
68.726181
73.42907672
78.45148977
83.81838245
89.55471704
95.68046338
102.2255762
109.2200103
116.6937204
124.6766612
133.20378
142.3200088
152.0553025
162.4595856
173.5727978
185.4498561
198.1406851
211.6952094
226.178331
241.6549517
258.1849811
275.8532911
294.7247835
314.8893226
336.4317801
359.4520054
384.044855
410.320163
438.3927561
468.3874455
500.4340354
534.6723144
571.2570489
610.3380125
652.0999262
696.7125336
744.3805254
795.3135851
849.7263881
907.863565
969.9797312
1036.344479
1107.247372
1183.002935
1263.945661
1350.420031
1442.815457
1541.531335
1647.002009
1759.686786
1880.079918
2008.715598
2146.14799
2292.986174
2449.869184
2617.485979
