0.01790963191
0.02172682062
0.02506705646
0.02680145783
0.02742983653
0.0275971748
0.02743024009
0.02702235552
0.02640200732
0.02565067566
0.02483971925
0.0240551157
0.02334365043
0.02272825187
0.02222492889
0.0218452546
0.02158180392
0.02140291858
0.02127929686
0.02119588323
0.02115395092
0.02117150821
0.02121898566
0.02138728575
0.02162832695
0.02190749156
0.0222090421
0.0225295505
0.02289142495
0.02350934319
0.02396256864
0.02467973006
0.02540410217
0.02609679556
0.02697828742
0.02762119893
0.02844076215
0.02922841323
0.03017815434
0.03091503477
0.03180959572
0.03282983975
0.03380245332
0.03473625023
0.03562608119
0.03661366484
0.03768135944
0.03868635525
0.03963620369
0.04074600867
0.0416785967
0.04274514626
0.04373876465
0.04473600782
0.04573750611
0.04665126641
0.04759945158
0.04845987263
0.04935325353
0.05021551833
0.05104776125
0.05185529098
0.05265571796
0.05337693529
0.0540076741
0.05449080401
0.05481787577
0.05495922687
0.05489721749
0.05463469686
0.05417553696
0.05353831883
0.05271640054
0.05174941429
0.05072863783
0.04971721841
0.04867776391
0.04759197291
0.04641658824
0.04518512512
0.04378536496
0.04227452042
0.04072575178
0.03916444444
0.03755782045
0.03583908419
0.03402472606
0.03224911069
0.03064519682
0.02924092412
0.02810933418
0.0272809274
0.02663712061
0.02605533113
0.02549701829
0.02497100057
0.02449906966
0.02406139932
0.02363344201
0.02320345014
0.02277527661
0.02235404781
0.02194532362
0.02155266204
0.02117599939
0.0208144758
0.02046661526
0.02013405602
0.01982562166
0.01951614311
0.01920532546
0.01889300421
0.01856833305
0.01823822486
0.01790989773
0.01759175281
0.01728808691
0.01700541054
0.01675361411
0.01654702833
0.01641928511
0.01635615716
0.01638350346
0.01650288442
0.01670649664
0.01698680494
0.01733794671
0.01775283472
0.01822558494
0.01875197774
0.01932761637
0.01994974569
0.02061494779
0.02132189259
0.02206924885
0.02285602851
0.02368196215
0.02454719929
0.0254520732
0.0263978235
0.02738446911
0.02841348463
0.02948687106
0.03060700443
0.03177590723
0.03299700852
0.03427390584
0.03561043193
0.03701148815
0.03848180237
0.04002779243
0.04165593943
0.04337393326
0.04519582113
0.04711999069
0.04913531035
0.05123063847
0.05343075792
0.0557523368
0.05821418592
0.06082867372
0.06352749011
0.06620040225
0.06875677243
0.07113246476
0.07326276901
0.07504818299
0.07627048649
0.07705810412
0.07697345581
0.07552470439
0.07289625671
0.06896652729
0.06300729224
