0.01283111271
0.00888966764
0.007208753366
0.006221979947
0.005554259803
0.005064047097
0.004684510511
0.004379449644
0.004127328295
0.003914427092
0.003731537553
0.003572218555
0.003431811458
0.003306852285
0.003194704684
0.003093321917
0.003001087495
0.002916705474
0.002839123113
0.002767475178
0.00270104308
0.002581509805
0.00252746534
0.00242894825
0.002341254345
0.002262541189
0.002191377374
0.002126631681
0.00206739672
0.00198730039
0.001938894635
0.001872617597
0.001812840419
0.001758569789
0.001693426351
0.001649175913
0.001595377764
0.001546671314
0.00149181828
0.001452040642
0.001406677762
0.001357677122
0.001313663837
0.00127385156
0.001237617051
0.001199202103
0.00115961794
0.001123925463
0.001091532396
0.001054968377
0.001025231998
0.0009923325494
0.000962651539
0.0009333748702
0.0009047520463
0.0008788578851
0.0008518512489
0.0008274571592
0.0008024820551
0.0007786570474
0.0007559776447
0.0007344237195
0.0007130393828
0.0006928876308
0.0006731441558
0.0006546323196
0.0006366478077
0.0006192810001
0.000602098324
0.0005861737828
0.00057057656
0.0005557896177
0.0005414688837
0.0005276846528
0.0005144828171
0.0005018896729
0.000489706207
0.0004781843988
0.0004669702361
0.0004564481626
0.0004461753747
0.0004364825657
0.0004272479463
0.0004183903754
0.0004099451394
0.0004019326962
0.0003942938137
0.0003869903735
0.0003801069981
0.0003735956596
0.0003674234838
0.0003615687892
0.0003560507808
0.0003508785989
0.0003460028076
0.0003414153153
0.0003371496857
0.0003331533679
0.0003294546644
0.0003260151323
0.000322845736
0.0003199410693
0.0003172880006
0.0003148851771
0.0003127303256
0.0003108203312
0.0003091399631
0.0003076946726
0.0003064827262
0.00030549593
0.0003047351002
0.0003041976853
0.0003038832753
0.00030379117
0.0003039206784
0.000304272484
0.0003048469211
0.0003056455959
0.0003066708308
0.0003079238839
0.0003094070837
0.0003111243951
0.0003130799906
0.0003152761549
0.0003177184428
0.0003204123101
0.0003233628983
0.0003265748819
0.0003300544137
0.0003338112076
0.0003378481581
0.0003421756486
0.0003467990924
0.0003517291987
0.0003569735671
0.000362538706
0.0003684360832
0.0003746758054
0.0003812645942
0.0003882176182
0.0003955405182
0.0004032470232
0.0004113470679
0.0004198542998
0.0004287784627
0.0004381326764
0.0004479295566
0.0004581828266
0.000468905421
0.0004801110534
0.0004918155796
0.0005040304428
0.0005167750852
0.0005300611748
0.0005439076967
0.000558331538
0.0005733475663
0.0005889753468
0.0006052332144
0.0006221394967
0.0006397135512
0.0006579766273
0.0006769502539
0.0006966537433
0.0007171119163
0.0007383467103
0.0007603824846
0.0007832434511
0.0008069553873
0.0008315461021
0.0008570412248
0.0008834704449
0.0009108623518
0.0009392476315
