0.008105449689
0.007901706915
0.006862830673
0.00606669046
0.00544617092
0.004957865371
0.004564266092
0.004251157547
0.004006608591
0.003802692502
0.003622629244
0.003467506391
0.003338206809
0.003229561578
0.003132005847
0.003038645044
0.002948609007
0.002863873842
0.00278572178
0.002715319985
0.002651619318
0.002538053074
0.002487950425
0.002395161596
0.002307482184
0.002229685982
0.002163202505
0.002102700891
0.002047080043
0.001968893448
0.001920721735
0.001858544059
0.001804086905
0.001752829423
0.0016927602
0.001654128805
0.001606281412
0.001563661671
0.001517061353
0.001483416665
0.001447034057
0.00140728559
0.001373396544
0.00134307827
0.00131643024
0.001288358914
0.001260057351
0.001235080323
0.001213470112
0.001188907152
0.001169224817
0.001148150344
0.001129699221
0.001112061727
0.001095002771
0.001080437355
0.001065853441
0.001052803592
0.001039687906
0.001027440334
0.001016515384
0.001006885194
0.0009982002987
0.0009903018387
0.0009831033068
0.0009768240824
0.0009715028515
0.0009673586964
0.0009641849756
0.0009623214181
0.000960897466
0.0009598276074
0.0009592413025
0.000959218485
0.0009596268271
0.0009606674839
0.0009627424707
0.0009659258494
0.0009704913933
0.0009764271409
0.0009839812666
0.0009928408739
0.001002497912
0.001012890699
0.001023960553
0.00103510142
0.001046317547
0.001057779129
0.001069921994
0.001082954077
0.001096627877
0.001111180119
0.001127031072
0.001144394167
0.001163175327
0.001183429863
0.00120480241
0.001227783051
0.001251852868
0.001277075253
0.001303688253
0.001331210229
0.001359275866
0.001387560758
0.001415622409
0.001443265266
0.001470821806
0.001497609601
0.001523069516
0.001547630314
0.001570988661
0.001593269073
0.001614842284
0.001636676805
0.001658391873
0.00167958271
0.00169913029
0.001716112709
0.00172988183
0.001739917016
0.001745941221
0.001747549426
0.001744004924
0.001735109389
0.001723288307
0.001714574463
0.001710536879
0.001711828052
0.001716402555
0.001723348427
0.001733305349
0.001746925636
0.001764533713
0.001784638249
0.001809644553
0.001846633872
0.001896373039
0.001958395058
0.002028468654
0.002106637903
0.002192768268
0.002283452021
0.00237585904
0.002468577352
0.002565539692
0.002666134485
0.002767423591
0.002862692938
0.002959093346
0.003053241067
0.003136116184
0.003221308067
0.003295897346
0.00334677955
0.003383698778
0.003388490689
0.003348076147
0.003302448599
0.00326278044
0.00322560153
0.003217437801
0.003204210183
0.003149683446
0.003098598249
0.003050034227
0.002945767405
0.002842766867
0.002778753717
0.002719912741
0.002645918882
0.002550034536
0.002371621677
0.002173987322
0.001952158304
