525.7104296
345.1809253
274.2421055
234.1485613
207.61407
188.4160887
173.705466
161.9722389
152.3327267
144.2311603
137.2983297
131.2781591
125.986746
121.2881692
117.0795167
113.2812518
109.8308049
106.6781889
103.7829238
101.1118323
98.63742947
94.19032546
92.18173286
88.52340644
85.2701647
82.35244146
79.71631927
77.31927697
75.12726918
72.16465165
70.37488204
67.92502594
65.7159918
63.71079629
61.30414995
59.66944539
57.68199181
55.88249408
53.85558973
52.38543389
50.70841943
48.896259
47.2678079
45.79405982
44.45203801
43.02839325
41.56033625
40.23552282
39.03215385
37.67250821
36.56557487
35.33950541
34.23196905
33.13804834
32.06697475
31.09650139
30.08263148
29.16517766
28.22405005
27.32434975
26.46598107
25.64827188
24.83492499
24.06636426
23.31118688
22.60093903
21.90868445
21.23788775
20.57171743
19.95187772
19.34224764
18.76172574
18.1968712
17.65046196
17.12436742
16.61972441
16.12860351
15.6612443
15.20334239
14.77068405
14.34513612
13.94044057
13.5516733
13.17549501
12.81347161
12.46659801
12.13242282
11.80934176
11.501214
11.20605634
10.92250139
10.64964483
10.38848943
10.13962958
9.900825899
9.671768354
9.454278295
9.245815644
9.047984239
8.858858497
8.679139109
8.508658867
8.346764819
8.193475369
8.048768633
7.912583732
7.783915992
7.663233648
7.550541285
7.44517426
7.347262996
7.256541433
7.172968807
7.096492272
7.026949291
6.964141876
6.90808552
6.85864582
6.815737712
6.779341238
6.749394624
6.725830802
6.708613677
6.697730754
6.693154847
6.694880626
6.702913484
6.717261382
6.737942604
6.765010504
6.798478143
6.838420472
6.884876793
6.9379435
6.997692485
7.064184765
7.137544373
7.217886389
7.305285378
7.399931955
7.501892921
7.611348996
7.728432238
7.85333175
7.986183041
8.127174115
8.276488736
8.434330464
8.600893474
8.776386296
8.961053562
9.155072366
9.358748691
9.572266671
9.795929298
10.03000797
10.27474264
10.53045109
10.79743264
11.07598773
11.36643487
11.66912505
11.98441512
12.312626
12.65417126
13.00941738
13.37877213
13.76264161
14.16145897
14.5756923
15.00577368
15.45220428
15.91546736
16.39608223
