0.004992266556
0.009984533113
0.01497679967
0.01996906623
0.02496133278
0.02995359934
0.03494586589
0.03993813245
0.04493039901
0.04992266556
0.05491493212
0.05990719868
0.06489946523
0.06989173179
0.07488399834
0.0798762649
0.08486853146
0.08986079801
0.09485306457
0.09984533113
0.1048375977
0.1148221308
0.1198143974
0.1297989305
0.1397834636
0.1497679967
0.1597525298
0.1697370629
0.179721596
0.1946983957
0.2046829288
0.2196597285
0.2346365281
0.2496133278
0.269582394
0.2845591937
0.3045282599
0.3244973262
0.3494586589
0.3694277252
0.394389058
0.4243426573
0.4542962566
0.484249856
0.5142034553
0.5491493212
0.5890874536
0.6290255861
0.6689637185
0.7188863841
0.7638167831
0.8187317152
0.8736466474
0.933553846
0.9984533113
1.063352776
1.138236775
1.213120773
1.297989305
1.387850103
1.482703167
1.582548498
1.692378363
1.807200493
1.932007157
2.061806088
2.201589551
2.351357548
2.516102344
2.685839407
2.87055327
3.065251666
3.274926861
3.499578856
3.739207651
3.993813245
4.268387906
4.557939366
4.872452159
5.201941752
5.561384944
5.940797202
6.345170793
6.779497983
7.243778773
7.738013162
8.267193417
8.836311805
9.440376058
10.08437844
10.77331123
11.51216668
12.30094479
13.13964558
14.03825356
15.001761
16.02517565
17.12347429
18.29166466
19.54472357
20.88265101
22.31043924
23.83807281
25.47054397
27.212845
29.06996816
31.06188251
33.18858807
35.45507708
37.88131863
40.47230497
43.24301291
46.20342698
49.36353171
52.7383039
56.34771262
60.2017424
64.32036231
68.72354141
73.42625651
78.44847667
83.81516321
89.55127749
95.67678855
102.22165
109.2158155
116.6892385
124.6718727
133.198664
142.3145427
152.0494625
162.453346
173.5661314
185.4427335
198.1330751
211.6870788
226.1696441
241.6456704
258.175065
275.8426963
294.7134639
314.8772285
336.4188587
359.4381998
384.0301048
410.3044037
438.3759186
468.369456
500.4148151
534.6517791
571.2351084
610.314571
652.0748808
696.6857747
744.3519358
795.2830392
849.6937524
907.8286965
969.942477
1036.304676
1107.204846
1182.957499
1263.897116
1350.368165
1442.760043
1541.472129
1646.938752
1759.619201
1880.007709
2008.638449
2146.065563
2292.898107
2449.775091
2617.385448
