511.629812
329.4547642
258.6089356
220.5540634
195.5895534
176.710076
162.1517974
151.0694557
142.2457432
134.5486761
128.2432612
122.6985654
117.6812524
113.0690013
109.1049478
105.4255827
101.9926885
98.90048457
93.47110075
91.07123367
88.86884178
86.75740014
82.97105062
79.58263693
78.08347354
75.29684281
72.82085595
70.64851686
68.76236606
66.98326993
64.56781822
62.42624802
61.10323333
59.25382089
57.61977051
55.72504532
54.3535393
52.66575973
50.90221717
48.29348629
46.44167674
44.32548411
42.55495421
40.67257441
39.04829433
37.65384959
36.20845556
34.86175949
33.61253014
32.35759763
31.86441475
31.31827946
30.67295544
30.07440413
29.47978539
28.89315513
28.18922267
27.53527188
26.90799421
26.29587527
25.65205428
25.35494098
24.98165785
24.6171512
24.20437655
23.84797031
23.4316506
22.99990863
22.52089232
22.04890104
21.59586766
21.13303707
20.55624778
19.99101501
19.47135198
18.94042012
18.34248559
17.85206909
17.38813303
16.94444415
16.56932078
16.13197911
15.66243268
15.04861897
14.41596017
13.76798438
13.20096861
12.7229032
12.25644062
11.79479057
11.35719494
10.93098485
10.63462489
10.4598135
10.33568527
10.31788332
10.3805582
10.38115434
10.31555504
10.24341692
10.08254397
9.820070072
9.593117449
9.338433823
9.157044329
9.037657842
8.986533837
8.901270102
8.806599906
8.644018431
8.501461691
8.450726198
8.49329804
8.525531102
8.499644691
8.472772869
8.53583039
8.623984525
8.665621954
8.72269245
8.855528941
8.946740447
9.036478166
9.175690875
9.272782279
9.419565033
9.550470345
9.69810505
9.824356047
9.966854333
10.07571775
10.18706344
10.29946511
10.40853274
10.52272653
10.64655447
10.78551562
10.94404391
11.13580075
11.36334651
11.61788119
11.9024304
12.22453059
12.5704435
12.94312699
13.35399447
13.79043398
14.22531818
14.66645271
15.11219762
15.57102799
16.03807773
16.48893884
16.93691851
17.38981775
17.81535809
18.12072991
18.28953508
18.26122599
18.09581517
17.86234718
17.5598982
17.29865219
17.00089078
16.62916715
16.11375049
15.47953262
15.05667852
15.0859095
15.83961608
16.94087519
