507.1312278
325.0322887
255.6139553
217.0209632
191.7449719
173.5893786
159.7512696
148.7588639
139.7570787
132.2112934
125.7680748
120.183293
115.2822373
110.9361695
107.047873
103.5423869
100.3608627
97.4563725
92.33362543
90.05863264
87.9445393
85.97326064
82.39991165
79.23999726
77.79123693
75.11847874
72.70513283
70.51184338
68.50713283
66.66548426
64.16396222
61.92671943
60.56019993
58.67171791
56.95134913
54.8790729
53.46697553
51.74540715
50.18228547
48.41683793
47.13325645
45.66603527
44.33017415
42.8748349
41.55680395
40.35584873
39.08114266
37.92293359
36.86457777
35.76009983
34.63226701
33.60809953
32.57373375
31.63269643
30.6897416
29.75527923
28.83747935
28.00355885
27.18566752
26.38839528
25.5691298
24.82625579
24.11071862
23.42332604
22.732972
22.07654545
21.42692149
20.81317996
20.2331038
19.64591301
19.09519243
18.56202306
18.04799742
17.55411079
17.0690284
16.60693871
16.15763912
15.72320669
15.30507179
14.90413655
14.52088059
14.14956401
13.79177028
13.44377351
13.11626955
12.80036616
12.49376072
12.20459444
11.92657987
11.6582076
11.40548089
11.16183918
10.9305137
10.71188704
10.5032024
10.30666003
10.12012235
9.944340437
9.778881853
9.625066488
9.480846762
9.34686867
9.223510972
9.110057831
9.006891407
8.913549524
8.830348502
8.75697514
8.693645733
8.639993479
8.596225124
8.562230801
8.537979126
8.523508641
8.518799815
8.523837608
8.538655544
8.563211783
8.597527553
8.64166014
8.695682841
8.759489261
8.833103036
8.916748398
9.010245707
9.11391316
9.227515943
9.351349847
9.485471758
9.62979264
9.784671543
9.949965616
10.12598004
10.31274955
10.51039539
10.7191217
10.93909347
11.17055023
11.41346082
11.66820638
11.93500183
12.21401289
12.50546333
12.80962743
13.12682235
13.4573021
13.80135756
14.15930961
14.53150269
14.9182093
15.31981002
15.73677726
16.1693284
16.61809999
17.08330477
17.56547038
18.06509731
18.58258522
19.1185237
19.67332002
20.24755171
20.84180956
21.45669042
22.09266872
22.75052356
23.43077224
24.13409237
24.8611852
25.61281874
26.389658
27.19247174
