470.5056862
329.3728378
272.7620308
240.108853
216.613636
197.9726701
182.5455458
169.7561716
159.3562366
150.9284221
143.8982257
137.8236374
132.5011887
127.839937
123.894582
120.3531659
117.0377799
113.8072332
110.683053
107.8050909
105.1172228
100.4407242
98.34742603
94.63992524
91.34587975
88.19009922
85.27397601
82.685495
80.39371877
77.43176613
75.56460119
72.96393068
70.68236384
68.69508164
66.26930868
64.61102753
62.63555052
60.75145371
58.11204213
56.05559725
53.71362803
51.25566784
49.08626292
47.23047113
45.56669362
43.86448616
42.05221056
40.5007741
39.26394611
38.60379041
37.98031526
37.26954605
36.56439894
35.78883963
34.93651638
34.25237031
33.56123446
32.91818843
32.16418815
31.7771325
31.46295327
31.04302708
30.61653569
30.28236338
29.91047449
29.4548996
28.87867426
28.28151598
27.6281492
26.96280512
25.99776292
25.09182366
24.21949452
23.22650796
22.29558985
21.47270282
20.66733815
19.96914503
19.28520533
18.51101419
17.63299947
16.64889185
15.70834024
14.85269803
14.12368167
13.32485826
12.43216792
11.47187193
10.68729525
10.20845724
9.863579538
9.600596774
9.540175827
9.577919481
9.369483022
9.114534832
8.800826404
8.260613518
7.823041114
7.251249431
6.921170514
6.769237017
6.873604141
6.790224392
6.603799595
6.308910556
5.937608372
5.852310319
5.854609658
5.665285611
5.319934758
5.120959985
5.140949144
5.002510816
4.779772353
4.800141887
4.704671219
4.538497856
4.580869602
4.452563452
4.477830856
4.342319813
4.321664644
4.198453745
4.170926148
4.10276027
4.02026208
4.016467378
3.998300366
3.966469099
3.947344102
3.940625784
3.948806603
3.954408974
3.955192728
3.942026734
3.938411927
3.899822472
3.877751617
3.874786543
3.909390843
3.948787111
3.98731829
4.033968646
4.095969411
4.193155396
4.30290643
4.423874465
4.532026256
4.641650828
4.735792169
4.83858586
4.93271823
5.019304438
5.100963228
5.147957698
5.24213787
5.333523694
5.47162286
5.656425112
5.841589427
5.973758347
6.08313355
6.296894153
6.546375824
6.830608021
7.227332392
7.68203426
8.128326682
8.633231017
9.302718932
10.1805798
11.27176403
12.9116999
