0.01253731872
0.008670009214
0.007027602388
0.006065321602
0.00541498706
0.004937979707
0.004568944106
0.004272514814
0.004027668181
0.00382101927
0.003643588406
0.003489097058
0.003353005756
0.00323194016
0.00312333283
0.003025191013
0.002935941204
0.002854322174
0.002779309575
0.002710061659
0.002645879455
0.002530459269
0.002478304092
0.002383283231
0.002298763543
0.0022229547
0.002154466096
0.002092199003
0.002035272278
0.001958364814
0.001911927472
0.001848401009
0.001791164713
0.001739255142
0.001677020974
0.001634798058
0.001583526428
0.001537171036
0.001485045712
0.001447304263
0.001404329004
0.001357993585
0.001316458485
0.001278963643
0.001244906939
0.001208879079
0.001171847193
0.001138544763
0.001108400837
0.001074476197
0.001046972696
0.001016643045
0.0009893787878
0.0009625865336
0.0009364988079
0.0009129973994
0.000888596819
0.0008666631221
0.0008443221498
0.0008231293555
0.0008030748402
0.0007841341156
0.0007654680905
0.0007480040599
0.0007310246185
0.0007152338971
0.0007000252943
0.000685475501
0.0006712257697
0.0006581626275
0.0006455159204
0.000633675993
0.000622363622
0.000611634449
0.0006015219152
0.0005920418562
0.0005830429991
0.0005747081023
0.0005667796867
0.0005595264534
0.0005526413507
0.0005463465333
0.0005405563592
0.0005352192
0.0005303566559
0.000525977891
0.0005220486902
0.000518551617
0.0005155260334
0.0005129462326
0.000510798234
0.0005090764051
0.0005077874293
0.0005069301948
0.0005064953493
0.000506485932
0.0005069004819
0.0005077431794
0.0005090080934
0.0005107079965
0.0005128401584
0.0005154062676
0.0005184177765
0.000521877327
0.0005257861959
0.0005301443811
0.0005349876651
0.0005403039122
0.000546090723
0.0005523833224
0.0005591776968
0.0005664944064
0.0005743394995
0.0005827173726
0.0005916439964
0.0006011466152
0.0006112240758
0.0006218992809
0.000633192498
0.0006451086613
0.0006576630009
0.0006708802495
0.0006847817036
0.0006993734588
0.0007146822983
0.000730730962
0.0007475382673
0.0007651192861
0.0007834962065
0.0008027077925
0.0008227564327
0.0008436814891
0.0008654967263
0.0008882402758
0.0009119346177
0.000936597163
0.0009622668886
0.0009889758058
0.001016741224
0.001045615711
0.001075611636
0.001106774697
0.001139134752
0.001172736337
0.001207608349
0.00124379296
0.001281330234
0.001320264393
0.001360636606
0.001402491
0.001445879638
0.001490838251
0.001537432066
0.001585697775
0.001635698791
0.0016874908
0.001741122302
0.001796658633
0.001854160672
0.001913689279
0.001975308955
0.002039090794
0.002105106793
0.002173421227
0.002244117455
0.002317268772
0.002392956791
0.002471262552
0.002552272407
0.002636079553
0.002722769679
0.002812442223
0.002905192787
0.003001123999
